1.5000000000000000e+01   -8.0000000000000000e+00
1.4562245994154653e+01   -9.1328799994414798e+00
1.4129689471626572e+01   -1.0263905003819675e+01
1.3707527908211558e+01   -1.1391220092441106e+01
1.3300958779896922e+01   -1.2512970283979209e+01
1.2915179570035187e+01   -1.3627300582136728e+01
1.2555387761938185e+01   -1.4732355990384001e+01
1.2226780823731302e+01   -1.5826281601495499e+01
1.1934556253114661e+01   -1.6907222388555400e+01
1.1683911514750134e+01   -1.7973323444263269e+01
1.1472699538142450e+01   -1.9026078303188942e+01
1.1298773248984846e+01   -2.0066980741716243e+01
1.1159985571130225e+01   -2.1097524301093639e+01
1.1054189427825857e+01   -2.2119202642804282e+01
1.0979237712273735e+01   -2.3133509428687411e+01
1.0932983377202817e+01   -2.4141938201606074e+01
1.0913279315683820e+01   -2.5145982742823918e+01
1.0917978450567318e+01   -2.6147136595319619e+01
1.0944933704685038e+01   -2.7146893540502127e+01
1.0991998030650839e+01   -2.8146746882837363e+01
1.1057024291661262e+01   -2.9148190523011362e+01
1.1137865440305754e+01   -3.0152718123349025e+01
1.1232374399350997e+01   -3.1161823346132955e+01
1.1338404091480690e+01   -3.2176999853738351e+01
1.1453807409490656e+01   -3.3199741070144789e+01
1.1576437305687262e+01   -3.4231540657706581e+01
1.1704146672422640e+01   -3.5273892517403553e+01
1.1834788431507757e+01   -3.6328290073417477e+01
1.1966215504361513e+01   -3.7396226988223333e+01
1.2096021957491738e+01   -3.8479311264631782e+01
1.2219184112890430e+01   -3.9578699266416336e+01
1.2330678347952084e+01   -4.0695547360099724e+01
1.2425481041126741e+01   -4.1831011912711702e+01
1.2498568552906363e+01   -4.2986249250418453e+01
1.2547688565282701e+01   -4.4155072875815222e+01
1.2570588791012600e+01   -4.5331295813031218e+01
1.2565016913667494e+01   -4.6508731800945043e+01
1.2528720587483186e+01   -4.7681193863312458e+01
1.2459447556584738e+01   -4.8842495024798090e+01
1.2354945475529457e+01   -4.9986448787607557e+01
1.2212962058220217e+01   -5.1106868654362451e+01
1.2031244958776014e+01   -5.2197568127707605e+01
1.1807541890250480e+01   -5.3252360233866128e+01
1.1539600565234618e+01   -5.4265057999034369e+01
1.1225168636623597e+01   -5.5229475403249495e+01
1.0861993816877717e+01   -5.6139424996022072e+01
1.0447823758912813e+01   -5.6988720757541252e+01
9.9804062349394549e+00   -5.7771175714402652e+01
9.4574888682761777e+00   -5.8480602893213430e+01
8.8768193718184953e+00   -5.9110816274198484e+01
8.2361453995587972e+00   -5.9655628885224033e+01
7.5332146659783987e+00   -6.0108853754954453e+01
6.7657748276128791e+00   -6.0464304389614881e+01
5.9376395287256916e+00   -6.0722841968475223e+01
5.0556584198670702e+00   -6.0891006374607997e+01
4.1266812091580416e+00   -6.0975337019416415e+01
3.1575574819795840e+00   -6.0982372839741501e+01
2.1551369418055319e+00   -6.0918654203301969e+01
1.1262691723883753e+00   -6.0790720047419001e+01
7.7803876454946241e-02   -6.0605109786343448e+01
-9.8340924354494952e-01  -6.0368363311185064e+01
-2.0505204853093226e+00  -6.0087020036248873e+01
-3.1166802658051047e+00  -5.9767619375886596e+01
-4.1750388827734524e+00  -5.9416700744516277e+01
-5.2187467535114180e+00  -5.9040803556376829e+01
-6.2409541762091347e+00  -5.8646467702459802e+01
-7.2348114489927688e+00  -5.8240232596896469e+01
-8.1934688716469406e+00  -5.7828637652332596e+01
-9.1188820680852363e+00  -5.7411980348281844e+01
-1.0013006662756863e+01  -5.6990558640527908e+01
-1.0877798042469751e+01  -5.6564670484384152e+01
-1.1715211832649441e+01  -5.6134613835003755e+01
-1.2527203420664799e+01  -5.5700686170288712e+01
-1.3315728670785912e+01  -5.5263184967931984e+01
-1.4082742970945731e+01  -5.4822408182183160e+01
-1.4830201709298777e+01  -5.4378653767166554e+01
-1.5560060512490075e+01  -5.3932219676967023e+01
-1.6274275007747715e+01  -5.3483403388578580e+01
-1.6974800584177959e+01  -5.3032502378887067e+01
-1.7663592869458849e+01  -5.2579815078422747e+01
-1.8342607491467152e+01  -5.2125638963930832e+01
-1.9013800078199836e+01  -5.1670271512094992e+01
-1.9679126019297350e+01  -5.1214010676412073e+01
-2.0340540704412632e+01  -5.0757154410388175e+01
-2.1000000000000000e+01  -5.0300000667572021e+01
