1.5000000000000000e+01   -8.0000000000000000e+00
1.2806193056538101e+01   -1.0052712133932642e+01
1.1951374614822852e+01   -1.2589354864998214e+01
1.1837458813288588e+01   -1.5307855170750727e+01
1.1408010085478407e+01   -1.7841148450216515e+01
1.1010202426805652e+01   -2.0234326691580023e+01
1.0741818406632463e+01   -2.2607237121241617e+01
1.0347082536430584e+01   -2.4863082452778404e+01
1.0353447620514709e+01   -2.7140059957102451e+01
1.0278343309793593e+01   -2.9373063909050831e+01
1.0347132504123152e+01   -3.1616811343297190e+01
1.0547940966555050e+01   -3.3847148263155965e+01
1.0720071005163838e+01   -3.6107338509702238e+01
1.1049053453867016e+01   -3.8372674407465134e+01
1.1408212395708963e+01   -4.0680396300866938e+01
1.1762412388522481e+01   -4.3034573249246833e+01
1.2065091176919555e+01   -4.5467451412009943e+01
1.2175766388897715e+01   -4.8013700342042831e+01
1.2168127682551688e+01   -5.0605601652944316e+01
1.2013241834427767e+01   -5.3186283507572192e+01
1.1742511314068556e+01   -5.5705238219004933e+01
1.1270503195474591e+01   -5.8101274127083229e+01
1.0629662616120601e+01   -6.0327919998496540e+01
9.7727720365232482e+00   -6.2321505609044557e+01
8.6757314330029658e+00   -6.4025737396979068e+01
7.3385698912130302e+00   -6.5384029558766542e+01
5.7401465311274329e+00   -6.6349513572065987e+01
3.8655075682328408e+00   -6.6854064286907601e+01
1.7753709019788406e+00   -6.6977684611112849e+01
-4.6805412206242092e-01  -6.6780438986451003e+01
-2.8038349522322901e+00  -6.6304755074272094e+01
-5.1694262915691729e+00  -6.5620340578351417e+01
-7.5045616477153532e+00  -6.4792737413158463e+01
-9.7469915494142114e+00  -6.3882516303075263e+01
-1.1834566484658991e+01  -6.2950596383136421e+01
-1.3782943728220935e+01  -6.1997281085519326e+01
-1.5609293907792679e+01  -6.1026054223289250e+01
-1.7332826485577776e+01  -6.0042977152345117e+01
-1.8969990569849813e+01  -5.9048027490939496e+01
-2.0536619901579016e+01  -5.8041528496003387e+01
-2.2052111709959068e+01  -5.7029493771387813e+01
-2.3534447518338585e+01  -5.6015267885890033e+01
-2.5000000000000000e+01  -5.5000000000000000e+01
