1.5000000000000000e+01   -8.0000000000000000e+00
1.3438912063185414e+01   -8.8302820892756930e+00
1.2185431497001938e+01   -9.7720184476711456e+00
1.1208614620095103e+01   -1.0810298442508245e+01
1.0487574723805613e+01   -1.1937086776250633e+01
9.9813376262943425e+00   -1.3129476807322122e+01
9.6306088236447280e+00   -1.4358681776497740e+01
9.3981372633217557e+00   -1.5605768689818138e+01
9.2493105007800658e+00   -1.6845250113179080e+01
9.2085353855997436e+00   -1.8072847271696855e+01
9.2686129960129335e+00   -1.9289388437599801e+01
9.4001835187220895e+00   -2.0493922970987178e+01
9.5322959711393800e+00   -2.1671727792304576e+01
9.6776605686873687e+00   -2.2822556763058799e+01
9.8759893545009074e+00   -2.3960805983729678e+01
1.0100301780923672e+01   -2.5085800699412623e+01
1.0299672981951215e+01   -2.6188321710147221e+01
1.0473203614265515e+01   -2.7280377891134133e+01
1.0642921797584361e+01   -2.8373013893247183e+01
1.0802741422164663e+01   -2.9465884575288840e+01
1.0987950346377373e+01   -3.0556465531212961e+01
1.1211103150006815e+01   -3.1644107755574062e+01
1.1422789289997931e+01   -3.2742575480456075e+01
1.1635284545305687e+01   -3.3846381829865976e+01
1.1875478561605524e+01   -3.4942899052971022e+01
1.2185834836242988e+01   -3.6045689679808937e+01
1.2517668415243380e+01   -3.7167388077095936e+01
1.2828705181461981e+01   -3.8300344674133115e+01
1.3137854827596071e+01   -3.9447361336138982e+01
1.3464628644083840e+01   -4.0613035477278267e+01
1.3765432429655261e+01   -4.1801750814420487e+01
1.4026236419088558e+01   -4.3005987185157707e+01
1.4197870214634431e+01   -4.4245593688376985e+01
1.4264134901935904e+01   -4.5522227806097774e+01
1.4291518054036974e+01   -4.6800043292837927e+01
1.4241507017254666e+01   -4.8083183134503386e+01
1.4049401450410658e+01   -4.9369257170589208e+01
1.3774922817936677e+01   -5.0637665068070149e+01
1.3447256678193472e+01   -5.1884946406481440e+01
1.3059284383724952e+01   -5.3111383937754042e+01
1.2603795793686221e+01   -5.4277776390187036e+01
1.2121392565804499e+01   -5.5396096655921106e+01
1.1623920021759307e+01   -5.6480516562067422e+01
1.1157856657306152e+01   -5.7516724544902289e+01
1.0680225482765412e+01   -5.8490968370855086e+01
1.0133402315164918e+01   -5.9408879713658180e+01
9.5714708526857013e+00   -6.0258421523150993e+01
9.0098736388281573e+00   -6.1046031328111148e+01
8.4092888570228208e+00   -6.1769639405588308e+01
7.7486934658278948e+00   -6.2408311639341306e+01
7.0449588522794393e+00   -6.2949485506012607e+01
6.2916009202890066e+00   -6.3404494461970444e+01
5.4754918629064582e+00   -6.3808063211102308e+01
4.6195741238337238e+00   -6.4162962427078128e+01
3.7328435976701098e+00   -6.4459964180241542e+01
2.7680132394543673e+00   -6.4703767767402255e+01
1.7243927662126772e+00   -6.4908150513462815e+01
6.5571331872050997e-01   -6.5122217893487516e+01
-4.7958569650047966e-01  -6.5348498882715631e+01
-1.6449063753532203e+00  -6.5486383055996768e+01
-2.8164969262689485e+00  -6.5549211909665289e+01
-4.0617266353642538e+00  -6.5567165490655611e+01
-5.2849503768890891e+00  -6.5543799643220581e+01
-6.4768281665258938e+00  -6.5391304397470378e+01
-7.6427849252796065e+00  -6.5124721651011839e+01
-8.7846367514349648e+00  -6.4845659749578942e+01
-9.9288865565672317e+00  -6.4523467669986076e+01
-1.0963294807010710e+01  -6.4118184618885323e+01
-1.1969493754791779e+01  -6.3663500028305037e+01
-1.2970717405707303e+01  -6.3261279599237625e+01
-1.3928569040470849e+01  -6.2822849195321652e+01
-1.4825117552406521e+01  -6.2284929596569917e+01
-1.5637112955119145e+01  -6.1701183988281876e+01
-1.6459386355112084e+01  -6.1126645985540627e+01
-1.7282435697080984e+01  -6.0588252050438776e+01
-1.8054267013101267e+01  -5.9985311749039113e+01
-1.8785362731880944e+01  -5.9335070304866193e+01
-1.9506925049327915e+01  -5.8733262721616910e+01
-2.0291090485911358e+01  -5.8177674498027692e+01
-2.1053548866925890e+01  -5.7629569698021136e+01
-2.1791981451962148e+01  -5.7033663274996506e+01
-2.2538519793318244e+01  -5.6486233826700705e+01
-2.3353476280985582e+01  -5.5996093234090296e+01
-2.4196213779134922e+01  -5.5532212203051749e+01
-2.5000000000000000e+01  -5.5000000000000000e+01
