1.5000000000000000e+01   -8.0000000000000000e+00
1.3807924184038635e+01   -8.8463722382073922e+00
1.5002803707706915e+01   -1.1303646675987594e+01
1.7545465970137496e+01   -1.3505081337475886e+01
2.0367844065085038e+01   -1.5524203836163743e+01
2.2654622406109727e+01   -1.7318249696147646e+01
2.4310529758235731e+01   -1.9175632153323370e+01
2.4297615598650204e+01   -2.1066100849871223e+01
2.3092620876375513e+01   -2.3063029772190887e+01
2.1252799064066231e+01   -2.5128595196802923e+01
1.9269890977206529e+01   -2.7141887863169718e+01
1.6778500228070786e+01   -2.9455079622827022e+01
1.3865069756744553e+01   -3.1673244358205700e+01
1.1038786538903294e+01   -3.3689352108193312e+01
9.1164287499598711e+00   -3.5982987520411349e+01
6.7728165655325405e+00   -3.7944136587630865e+01
3.1395613542123790e+00   -3.9713982477563370e+01
6.8311943394404473e-01   -4.2573795486478595e+01
2.3077732746297741e-01   -4.4661329369013984e+01
1.0062237982187199e+00   -4.5292443233729976e+01
-3.2473553278613032e-01  -4.5521354688291432e+01
-5.4231830099535028e+00  -4.4873698767915698e+01
-1.3983690443972176e+01  -4.3146387935964626e+01
-2.2219368001415702e+01  -4.0296877144097103e+01
-2.5771576400001777e+01  -3.8825764139720533e+01
-2.4609167640727190e+01  -4.0834626475255845e+01
-2.1318767018048053e+01  -4.7115207224509575e+01
-1.9131897523533425e+01  -5.5929232563113260e+01
-1.8694442406466898e+01  -6.3137903020375447e+01
-1.8559835730357115e+01  -6.6823904265028062e+01
-1.7992514385892871e+01  -6.6609655852613201e+01
-1.6603527717495375e+01  -6.4633707786072293e+01
-1.5688110574556820e+01  -6.5103871619289563e+01
-1.8846360306051189e+01  -7.0228889692084650e+01
-2.2773804635030231e+01  -7.5950483165045000e+01
-2.3825493117635425e+01  -7.8012337587127661e+01
-2.3135686355089209e+01  -7.5334642641933172e+01
-2.1441283193602963e+01  -6.9628876388491477e+01
-1.9405632255583384e+01  -6.2890086221484019e+01
-1.8128597971614127e+01  -5.6832731385525925e+01
-1.8442613513619367e+01  -5.3199312964581502e+01
-2.0935349633030729e+01  -5.2999168208934542e+01
-2.5000000000000000e+01  -5.5000000000000000e+01
