1.5000000000000000e+01   -8.0000000000000000e+00
1.2981748851969238e+01   -9.3069727037435097e+00
1.2879590774166571e+01   -1.1324136040850036e+01
1.3825806582072158e+01   -1.3642252069497218e+01
1.5291140874281508e+01   -1.6008364259442551e+01
1.6709946006878770e+01   -1.8199509375941958e+01
1.7667297412654676e+01   -2.0160389815142828e+01
1.7771053503961788e+01   -2.2019127859835212e+01
1.7248078373018579e+01   -2.3810107475666840e+01
1.6546251446153939e+01   -2.5648430668909857e+01
1.5958452535929979e+01   -2.7483420808802652e+01
1.5113397150182298e+01   -2.9428370781503169e+01
1.3608597884414841e+01   -3.1503866315984631e+01
1.1941401817862568e+01   -3.3609783245278273e+01
1.0740174906652376e+01   -3.5710816023066378e+01
9.5719565420340054e+00   -3.7794744936477301e+01
8.3417252889200206e+00   -3.9851959600823868e+01
7.6691255746529681e+00   -4.1823946167020587e+01
6.7938281935899916e+00   -4.3696249584620674e+01
5.9754841331872868e+00   -4.5473072010280269e+01
4.8207253708584314e+00   -4.7032151712064625e+01
3.4861989757108649e+00   -4.8386863288179370e+01
2.4268974628652877e+00   -4.9620612980215114e+01
1.5105006490206971e+00   -5.0791288135765804e+01
9.1853690604375515e-01   -5.1955914457866285e+01
2.0183079906162860e-01   -5.2932085791509508e+01
-6.9763798209834604e-01  -5.3817102461478569e+01
-1.7463677669874063e+00  -5.4560124363040018e+01
-3.0773781688722917e+00  -5.5371447846883015e+01
-4.6210229976605834e+00  -5.6506545771223131e+01
-6.4307205817241702e+00  -5.7739185805616131e+01
-8.2666594313625623e+00  -5.8487421775330105e+01
-1.0068577989412777e+01  -5.8781667029445813e+01
-1.1747792343404704e+01  -5.8655279386298517e+01
-1.3330639809590776e+01  -5.8378516993780345e+01
-1.4826788207357104e+01  -5.8024259469757062e+01
-1.6285237746690772e+01  -5.7614549868495672e+01
-1.7794015851989194e+01  -5.7280055702151145e+01
-1.9390215156584361e+01  -5.7072473573473765e+01
-2.0928509470637565e+01  -5.6747278352078659e+01
-2.2337540538460676e+01  -5.6213627616070760e+01
-2.3659220864109830e+01  -5.5580147556163546e+01
-2.5000000000000000e+01  -5.5000000000000000e+01
