1.5000000000000000e+01   -8.0000000000000000e+00
1.2277821066811081e+01   -1.0003809053297870e+01
1.1519827837336051e+01   -1.2732646755619399e+01
1.2748152987757106e+01   -1.6083987515950312e+01
1.5053444763079268e+01   -1.9562538086613877e+01
1.7178167373284257e+01   -2.2736226075542177e+01
1.8251993824741163e+01   -2.5272630606463629e+01
1.7768823515386806e+01   -2.6889304651979987e+01
1.6323913064543085e+01   -2.8193174606709320e+01
1.4979890734102549e+01   -2.9650931202967474e+01
1.4542382730307878e+01   -3.1259303291331339e+01
1.4475548176908067e+01   -3.2867581434808223e+01
1.3748498926399400e+01   -3.4451083542013073e+01
1.2358898588482914e+01   -3.6231827808571730e+01
1.0561232583921358e+01   -3.8068308708384372e+01
8.1299678950499050e+00   -4.0010744778167364e+01
5.6226400723978038e+00   -4.1886001959222305e+01
4.7966798124955279e+00   -4.3603268552808551e+01
5.6738103670328321e+00   -4.5315951923793037e+01
7.2882291082773136e+00   -4.7368815380336422e+01
8.0351039066059595e+00   -4.9649693740491749e+01
7.4988454720067939e+00   -5.1875915107027026e+01
6.3189072575773544e+00   -5.3546377064077419e+01
4.8992218766665712e+00   -5.4855030773400081e+01
3.8750999019543997e+00   -5.6173025806972120e+01
2.9121980018204177e+00   -5.7531580964010118e+01
1.8150005867798278e+00   -5.8928642779013970e+01
4.9195162998524999e-01   -6.0064181770419168e+01
-1.2056857498201676e+00  -6.0928318784230427e+01
-3.2393644435834350e+00  -6.1583123911481920e+01
-5.4913783213634524e+00  -6.1794501300153485e+01
-7.6428114699367802e+00  -6.1480769420136014e+01
-9.7015845621361656e+00  -6.0959693228786634e+01
-1.1561686615255290e+01  -6.0399727094428400e+01
-1.3272557229024370e+01  -5.9894535384435862e+01
-1.4874620696370776e+01  -5.9318774125823957e+01
-1.6414909797166846e+01  -5.8659647219569891e+01
-1.7972109762206479e+01  -5.7963243186892356e+01
-1.9567523716002086e+01  -5.7414114045885874e+01
-2.1021401163752799e+01  -5.6909468789395554e+01
-2.2305951984078352e+01  -5.6272923270367635e+01
-2.3579495121769742e+01  -5.5568542293407198e+01
-2.5000000000000000e+01  -5.5000000000000000e+01
