1.5000000000000000e+01   -8.0000000000000000e+00
1.1994793358280655e+01   -9.7571355317121071e+00
1.0119227731811987e+01   -1.1930953852577559e+01
9.2819081784275959e+00   -1.4417089146161189e+01
9.3093221982866350e+00   -1.7075621723374589e+01
9.7066299620713359e+00   -1.9685144000899996e+01
1.0059858729144851e+01   -2.2147737596801001e+01
1.0028462420912014e+01   -2.4493603720430915e+01
9.8827665119803729e+00   -2.6749106413273651e+01
1.0034184336807551e+01   -2.9020621203978369e+01
1.0683942778172792e+01   -3.1229807932864237e+01
1.1322284488820603e+01   -3.3455842085442988e+01
1.1408543596504380e+01   -3.5741232753896618e+01
1.1323955812518177e+01   -3.8051522536230955e+01
1.1584960060518190e+01   -4.0384055015757419e+01
1.1734653894502973e+01   -4.2772146878491995e+01
1.1689432933024978e+01   -4.5250034883397568e+01
1.2102925698284922e+01   -4.7792807702212123e+01
1.2174151015028304e+01   -5.0367775763338287e+01
1.2167451307598107e+01   -5.2975274088980335e+01
1.1782012709145070e+01   -5.5470765737776638e+01
1.1121520995168682e+01   -5.7839465287223788e+01
1.0463060211798126e+01   -6.0049976826993984e+01
9.5951615069365754e+00   -6.2068180648802532e+01
8.7186471269528738e+00   -6.3901248400637243e+01
7.4523962608760321e+00   -6.5298567363899110e+01
5.8293914726097533e+00   -6.6289209752700188e+01
3.9767537568697100e+00   -6.6731824706529665e+01
1.8452639056530646e+00   -6.6779880598777012e+01
-4.1615897999519713e-01  -6.6673964631122175e+01
-2.8146266267214455e+00  -6.6358899361637583e+01
-5.1626181921158354e+00  -6.5617562570877155e+01
-7.4987162984333269e+00  -6.4765451349278734e+01
-9.7527637330634533e+00  -6.3872208260906646e+01
-1.1868837945383985e+01  -6.3001533738632411e+01
-1.3796622048904474e+01  -6.2047276991704685e+01
-1.5564434310798905e+01  -6.0988663729967087e+01
-1.7271018066629573e+01  -5.9963266104878272e+01
-1.8983215998842695e+01  -5.9068518727061821e+01
-2.0591810148771529e+01  -5.8114163231846554e+01
-2.2071721249670450e+01  -5.7040619346440387e+01
-2.3506382807202773e+01  -5.5962329327263113e+01
-2.5000000000000000e+01  -5.5000000000000000e+01
