-6.6410545259714127e-03  6.6732126288115978e-03
6.6450483040269148e-01   -3.1054103819267564e-01
1.2746516518991684e+00   -6.4011690674652144e-01
1.8265169957105434e+00   -9.8128531607034963e-01
2.3227462068356783e+00   -1.3339919530038942e+00
2.7653906123088672e+00   -1.6967777641150472e+00
3.1562764720685470e+00   -2.0688513270160973e+00
3.4970971261627746e+00   -2.4501850669010867e+00
3.7893425452697702e+00   -2.8402901269302507e+00
4.0345408528076980e+00   -3.2386752085326682e+00
4.2343458201774338e+00   -3.6447580706262048e+00
4.3905256614442765e+00   -4.0576725143056960e+00
4.5049086751338754e+00   -4.4761954996506033e+00
4.5795736198965464e+00   -4.8990910379458406e+00
4.6165553897928371e+00   -5.3245881736225718e+00
4.6180238282757831e+00   -5.7520521791533614e+00
4.5861773824273424e+00   -6.1810641548396781e+00
4.5233234613914615e+00   -6.6117787159767012e+00
4.4319046591445357e+00   -7.0448469234070483e+00
4.3143449725149585e+00   -7.4791910013847271e+00
4.1731849964229557e+00   -7.9133796589387515e+00
4.0110160942801478e+00   -8.3443787764868631e+00
3.8305719730835546e+00   -8.7690822914967992e+00
3.6347224770940061e+00   -9.1852046289900269e+00
3.4264089764185770e+00   -9.5921356407164300e+00
3.2085057191808959e+00   -9.9902963980948147e+00
2.9836566563907052e+00   -1.0381614688190634e+01
2.7541214012418926e+00   -1.0768211535857352e+01
2.5217603278899210e+00   -1.1150395150204073e+01
2.2879529317283520e+00   -1.1528339391358760e+01
2.0536887078649757e+00   -1.1901310161745865e+01
1.8196978753104851e+00   -1.2267814119631007e+01
1.5864674069396587e+00   -1.2626911411764032e+01
1.3544497650091172e+00   -1.2977472701414019e+01
1.1239289248916529e+00   -1.3319589891010596e+01
8.9509106257315685e-01   -1.3653854071345394e+01
6.6811805962786586e-01   -1.3980542692820022e+01
4.4294017310481026e-01   -1.4300394188105637e+01
2.1939360973159516e-01   -1.4613543611977583e+01
-2.7043368275537771e-03  -1.4919293938267582e+01
-2.2376046190344367e-01  -1.5217026282365204e+01
-4.4432583545250348e-01  -1.5506150667748003e+01
-6.6528403069913999e-01  -1.5786840355165648e+01
-8.8785979750104604e-01  -1.6060067009331782e+01
-1.1132799714685930e+00  -1.6326790433320678e+01
-1.3428487568331182e+00  -1.6588116938366070e+01
-1.5774643877159626e+00  -1.6844313602227746e+01
-1.8172930935041047e+00  -1.7094401944308913e+01
-2.0622563705331758e+00  -1.7337174721270738e+01
-2.3119975364154790e+00  -1.7571220782146494e+01
-2.5659802564991221e+00  -1.7795190308985379e+01
-2.8240760221255030e+00  -1.8008603413434482e+01
-3.0864979708194129e+00  -1.8211673408932977e+01
-3.3537117252082820e+00  -1.8405127937355921e+01
-3.6266498504874303e+00  -1.8590296885822781e+01
-3.9061995002858563e+00  -1.8768481531089400e+01
-4.1927585855038956e+00  -1.8940531942559630e+01
-4.4866691074841381e+00  -1.9107163483435425e+01
-4.7880763716666337e+00  -1.9268795401249509e+01
-5.0967048738663383e+00  -1.9425425896441070e+01
-5.4127785909093591e+00  -1.9577206957138145e+01
-5.7370641060071419e+00  -1.9724423159701139e+01
-6.0705162393503374e+00  -1.9867336091926152e+01
-6.4134634147701988e+00  -2.0007138196866840e+01
-6.7658778860935787e+00  -2.0144842633310404e+01
-7.1276900742792204e+00  -2.0281386989606901e+01
-7.4989286879800092e+00  -2.0417571407228639e+01
-7.8792238588917307e+00  -2.0553800015790141e+01
-8.2678177806568307e+00  -2.0690007381092720e+01
-8.6636605840959398e+00  -2.0825676027661189e+01
-9.0657393547580831e+00  -2.0960004285410243e+01
-9.4730553936472557e+00  -2.1092107395715168e+01
-9.8855905872003529e+00  -2.1221403987942423e+01
-1.0304404801096242e+01  -2.1347789409792004e+01
-1.0728978199069447e+01  -2.1471356538923651e+01
-1.1158413259895079e+01  -2.1592481017592533e+01
-1.1590624720368117e+01  -2.1711547369305546e+01
-1.2023397706639203e+01  -2.1828893030065153e+01
-1.2455876479732279e+01  -2.1944891258620316e+01
-1.2888786432746276e+01  -2.2060057292328953e+01
-1.3323291528996387e+01  -2.2175125773624874e+01
-1.3759287285652441e+01  -2.2291047889623485e+01
-1.4194913148302039e+01  -2.2408963029640290e+01
-1.4627155272688796e+01  -2.2530105473442031e+01
-1.5052987119173181e+01  -2.2655663187290575e+01
-1.5471778968659379e+01  -2.2786839104589234e+01
-1.5885124832518565e+01  -2.2924762977269801e+01
-1.6295795258741833e+01  -2.3070444408028113e+01
-1.6704428976791085e+01  -2.3224408378933060e+01
-1.7112508960149967e+01  -2.3387389666397382e+01
-1.7517862221360854e+01  -2.3558267100742441e+01
-1.7919122892205941e+01  -2.3736176372959704e+01
-1.8313236403265460e+01  -2.3919891054906973e+01
-1.8697945828560560e+01  -2.4108306082898089e+01
-1.9071939990187015e+01  -2.4300425323052274e+01
-1.9436726891013830e+01  -2.4495910171946097e+01
-1.9796003513469977e+01  -2.4695002099946620e+01
-2.0153900642328281e+01  -2.4898082888404826e+01
-2.0513567849709442e+01  -2.5105285411163237e+01
-2.0875086198610603e+01  -2.5315814916747964e+01
-2.1237456656145842e+01  -2.5528612367089988e+01
-2.1598019663338860e+01  -2.5742137774590876e+01
-2.1955677779235465e+01  -2.5955484332108966e+01
-2.2311515808105469e+01  -2.6168592453002930e+01
