-6.6410545639419578e-03  6.6732127205433971e-03   -1.4605100493534951e-04
2.2597194437502705e-01   -8.8106517677505131e-02  -5.7086082464025925e-02
4.5281411496525970e-01   -1.9597047927552619e-01  -1.1402611392311650e-01
6.7315019565126177e-01   -3.1656905355250153e-01  -1.7096614538220709e-01
8.8626601301018537e-01   -4.4951134539804427e-01  -2.2790617684129766e-01
1.0914707965959358e+00   -5.9436645011732203e-01  -2.8484620830038826e-01
1.2782444588478052e+00   -7.2237444014532526e-01  -3.2656197895709366e-01
1.4689282292270807e+00   -8.1166341662846431e-01  -3.3970710285101768e-01
1.6584218444543055e+00   -9.0345116851061480e-01  -3.5285222674494171e-01
1.8307003738892917e+00   -1.0330313825991031e+00  -3.9051554593316645e-01
1.9868032622859997e+00   -1.1907357197213864e+00  -4.4309645098437050e-01
2.1715477366890314e+00   -1.3984536156710285e+00  -5.0824079656306631e-01
2.3423782641947990e+00   -1.6177574596690307e+00  -5.7338514214176228e-01
2.4985701329910146e+00   -1.8477169022717312e+00  -6.3852948772045826e-01
2.6394607326300457e+00   -2.0873563899476006e+00  -7.0367383329915423e-01
2.7823032597256279e+00   -2.2612100151844037e+00  -7.2704646620857394e-01
2.9310937004565809e+00   -2.3995145613911490e+00  -7.2953324278335552e-01
3.0795397489722234e+00   -2.5381886881576676e+00  -7.3202001935813710e-01
3.2599371636670895e+00   -2.7619327138031031e+00  -7.5881029502657549e-01
3.4119181623499855e+00   -2.9983007897335971e+00  -7.9713062609814689e-01
3.5547321003145438e+00   -3.2403178767394314e+00  -8.3545095716971829e-01
3.6881692884132256e+00   -3.4876286288551679e+00  -8.7377128824128969e-01
3.8120338050810836e+00   -3.7398699275958229e+00  -9.1209161931286109e-01
3.9261437840011419e+00   -3.9966714151121501e+00  -9.5041195038443249e-01
4.0090740289692732e+00   -4.2166971798049842e+00  -9.8580481021594535e-01
4.0639757784930284e+00   -4.4507845872392933e+00  -1.0350346724682713e+00
4.1072915756171264e+00   -4.6872901012122021e+00  -1.0842645347205970e+00
4.1851953615147490e+00   -4.8777082717304809e+00  -1.0957152953754599e+00
4.2907262314054870e+00   -5.0922362247460269e+00  -1.0981224776820564e+00
4.3957403881516077e+00   -5.3070175880153716e+00  -1.1005296599886529e+00
4.5002372232460734e+00   -5.5220511169827793e+00  -1.1029368422952495e+00
4.5934346210626096e+00   -5.7131223338672097e+00  -1.1046061198290595e+00
4.6886861026783011e+00   -5.9034419090414509e+00  -1.1048640771467091e+00
4.7429833755850179e+00   -6.1732510369222489e+00  -1.1504325122307533e+00
4.7381314677683228e+00   -6.4353302622885433e+00  -1.2185916968685824e+00
4.7393729699819440e+00   -6.6585316696453622e+00  -1.2636415491326582e+00
4.7439977582747712e+00   -6.8854120214762728e+00  -1.3008584225517685e+00
4.7401775158196982e+00   -7.1123073463757853e+00  -1.3380752959708788e+00
4.7668255933529071e+00   -7.3278069085189097e+00  -1.3510344020014915e+00
4.8702504746088033e+00   -7.5643609370629710e+00  -1.3229213479389310e+00
4.9802838681788195e+00   -7.7979142859635733e+00  -1.2948082938763705e+00
5.1220399173605395e+00   -7.9541787803404169e+00  -1.2365379034729771e+00
5.2726558137192461e+00   -8.1019225499096432e+00  -1.1782675130695837e+00
5.4316202949449979e+00   -8.2406440817318103e+00  -1.1199971226661902e+00
5.5321387000617053e+00   -8.4010165778262174e+00  -1.1078232081719808e+00
5.5767026484647841e+00   -8.6862953252225701e+00  -1.1587070502944425e+00
5.5907839496293805e+00   -8.9750569049501099e+00  -1.2199310949931683e+00
5.5784415849694238e+00   -9.2646034663211783e+00  -1.2863252409800261e+00
5.6093486575050289e+00   -9.5290178498152631e+00  -1.3115495080811179e+00
5.6335769462583674e+00   -9.7941276447217582e+00  -1.3367737751822097e+00
5.6511110364673334e+00   -1.0059764180258236e+01  -1.3619980422833016e+00
5.7766529538713964e+00   -1.0240341910197925e+01  -1.3108036108437999e+00
5.8587033968044704e+00   -1.0429493333765080e+01  -1.2950092626730298e+00
5.7920182178486312e+00   -1.0685737018728663e+01  -1.3791234284166787e+00
5.7261502167764684e+00   -1.0879299410204750e+01  -1.4445079999306167e+00
5.6477759848263061e+00   -1.1068144512670782e+01  -1.5098925714445548e+00
5.5975916330372524e+00   -1.1272258866192521e+01  -1.5491390042214135e+00
5.6212590425134179e+00   -1.1475178534535075e+01  -1.5382808003069968e+00
5.6471283566439485e+00   -1.1677829260312162e+01  -1.5274225963925800e+00
5.6517543798779153e+00   -1.1898707053217601e+01  -1.5316636687155878e+00
5.5735666875443899e+00   -1.2132145438308369e+01  -1.5833742105337523e+00
5.5279061608775724e+00   -1.2358089052131065e+01  -1.6079668465293322e+00
5.5241922180326641e+00   -1.2579733164961906e+01  -1.6054415767023276e+00
5.4914160421328644e+00   -1.2795113564819491e+01  -1.6198805961486509e+00
5.4492675203711611e+00   -1.3008578890432096e+01  -1.6377124734496398e+00
5.4033194137688376e+00   -1.3221258731097013e+01  -1.6555443507506287e+00
5.3006578523939405e+00   -1.3410391953113093e+01  -1.7099713436996944e+00
5.1441952338766548e+00   -1.3631412164607189e+01  -1.7871538637980457e+00
4.9711564541077760e+00   -1.3839710185669027e+01  -1.8643363838963971e+00
4.7825718179425563e+00   -1.4034045771408264e+01  -1.9415189039947485e+00
4.5795641931365747e+00   -1.4213261811853350e+01  -2.0187014240930998e+00
4.3633423245837228e+00   -1.4376291221598015e+01  -2.0958839441914519e+00
4.1494949289186884e+00   -1.4563039299659442e+01  -2.1494005177907609e+00
3.9339496410671111e+00   -1.4759923062524068e+01  -2.1910841181405485e+00
3.7103871357984861e+00   -1.4947653703157851e+01  -2.2327677184903361e+00
3.4791958017633422e+00   -1.5125905082568515e+01  -2.2744513188401236e+00
3.2407772809549620e+00   -1.5294367529809133e+01  -2.3161349191899112e+00
2.9955457709484099e+00   -1.5452748379960470e+01  -2.3578185195396988e+00
2.8486852675426699e+00   -1.5617470552031428e+01  -2.3505216874589761e+00
2.7030306131857107e+00   -1.5783259945831261e+01  -2.3432248553782533e+00
2.5585895630443511e+00   -1.5950107734148705e+01  -2.3359280232975306e+00
2.3072881577172684e+00   -1.6072426183641777e+01  -2.3929250652846483e+00
2.0494268230749837e+00   -1.6180230318545114e+01  -2.4499221072717661e+00
1.7858430368812879e+00   -1.6273170014378231e+01  -2.5069191492588838e+00
1.6098888109933107e+00   -1.6401670698529283e+01  -2.5070311931546265e+00
1.4737862212946251e+00   -1.6609961956589760e+01  -2.4545800474066941e+00
1.3466696393444375e+00   -1.6852982291227896e+01  -2.3900685563597679e+00
1.2354842103472450e+00   -1.7103691901799653e+01  -2.3255570653128417e+00
1.1392102071694141e+00   -1.7311073019118421e+01  -2.2824435242748478e+00
9.8310696857579805e-01   -1.7493539833603919e+01  -2.2819141225746322e+00
8.2710035009471861e-01   -1.7676089263835838e+01  -2.2813847208744167e+00
6.7119039544955061e-01   -1.7858721258651755e+01  -2.2808553191742011e+00
5.3106877626467230e-01   -1.8046507124477159e+01  -2.2707820142611541e+00
4.5981503617928304e-01   -1.8256742586735420e+01  -2.2225330964967811e+00
3.6899737051723092e-01   -1.8472523193282964e+01  -2.1887306666905784e+00
2.8552410411813545e-01   -1.8691249808844479e+01  -2.1549282368843756e+00
2.0949060481068804e-01   -1.8912672539252618e+01  -2.1211258070781729e+00
1.4098374052338314e-01   -1.9136538410041023e+01  -2.0873233772719701e+00
6.7361581961798964e-02   -1.9350014286398785e+01  -2.0638555797649740e+00
-4.2383421722375081e-02  -1.9526006642107752e+01  -2.0713916791555977e+00
-1.5345159238924350e-01  -1.9701166958864565e+01  -2.0789277785462215e+00
-3.0789948660335348e-01  -1.9855851504560668e+01  -2.1133745184092732e+00
-4.4674672418735506e-01  -2.0046528198749009e+01  -2.1244647858373895e+00
-5.5244008672753842e-01  -2.0236059151985266e+01  -2.1189558542104594e+00
-7.2254855902700454e-01  -2.0480428727740222e+01  -2.1288870197740475e+00
-8.9507547748474470e-01  -2.0723096905114577e+01  -2.1388181853376356e+00
-1.0700038262471678e+00  -2.0964039750416045e+01  -2.1487493509012237e+00
-1.2473163526142423e+00  -2.1203233500117079e+01  -2.1586805164648117e+00
-1.4269955687410827e+00  -2.1440654563198603e+01  -2.1686116820283998e+00
-1.6090237533627274e+00  -2.1676279523476719e+01  -2.1785428475919879e+00
-1.7647690981446527e+00  -2.1879386955798363e+01  -2.1851568570418833e+00
-1.9073674792103150e+00  -2.2066252982416398e+01  -2.1901122884349324e+00
-2.0508901074199666e+00  -2.2252410081067922e+01  -2.1950677198279815e+00
-2.1953334583960613e+00  -2.2437853680432678e+01  -2.2000231512210306e+00
-2.3406939851515571e+00  -2.2622579226711267e+01  -2.2049785826140798e+00
-2.4751280437387475e+00  -2.2815312398889532e+01  -2.2016577447022807e+00
-2.6045936046860492e+00  -2.2984378914129991e+01  -2.2046817323343104e+00
-2.7674844135207004e+00  -2.3143577549654474e+01  -2.2256332506272249e+00
-2.9336746809946823e+00  -2.3299328684971652e+01  -2.2465847689201395e+00
-3.1666910181979571e+00  -2.3456395116841421e+01  -2.2951468356030706e+00
-3.4070571241180536e+00  -2.3601965074417627e+01  -2.3437089022860018e+00
-3.6542062609299304e+00  -2.3735695331267284e+01  -2.3922709689689330e+00
-3.8357095457481960e+00  -2.3833316731563372e+01  -2.4230180304807987e+00
-3.9903885285185026e+00  -2.4005609788041735e+01  -2.4076365029122173e+00
-4.1617595038090709e+00  -2.4175099436468269e+01  -2.4014504793808986e+00
-4.3320787399266454e+00  -2.4345645940109115e+01  -2.3952644558495799e+00
-4.5731342303306679e+00  -2.4430539963734731e+01  -2.4561702019183618e+00
-4.8189100978103205e+00  -2.4500603989210681e+01  -2.5170759479871436e+00
-5.0684949161486204e+00  -2.4555578193673401e+01  -2.5779816940559255e+00
-5.3209631341548542e+00  -2.4595258712798373e+01  -2.6388874401247073e+00
-5.5482389513978774e+00  -2.4642449430400692e+01  -2.6783787897468856e+00
-5.7772007065326765e+00  -2.4680630258271474e+01  -2.7178701393690639e+00
-5.9967510769433794e+00  -2.4701555767821745e+01  -2.7598530968394503e+00
-6.2060683657006201e+00  -2.4705042306055386e+01  -2.8043276621580451e+00
-6.4153336863031774e+00  -2.4699219169903287e+01  -2.8488022274766398e+00
-6.6540005520005439e+00  -2.4722397541147746e+01  -2.8785406163735865e+00
-6.9358071749212389e+00  -2.4665136557871982e+01  -2.9576081102302720e+00
-7.1888862708724233e+00  -2.4609953518002754e+01  -3.0184762711223527e+00
-7.3929309187439154e+00  -2.4592478701131974e+01  -3.0429457660852237e+00
-7.5964869258926813e+00  -2.4570016744331195e+01  -3.0674152610480947e+00
-7.7994324179819703e+00  -2.4542581096164898e+01  -3.0918847560109657e+00
-8.0016458862064592e+00  -2.4510188183077432e+01  -3.1163542509738367e+00
-8.2030062600427716e+00  -2.4472857399558077e+01  -3.1408237459367077e+00
-8.4030168424774789e+00  -2.4396902251091714e+01  -3.1865472613879615e+00
-8.5993466598650397e+00  -2.4311884485483660e+01  -3.2322707768392154e+00
-8.7915853287669616e+00  -2.4217981813299982e+01  -3.2779942922904692e+00
-9.0107432970975001e+00  -2.4106306385995932e+01  -3.3253706901076172e+00
-9.1953761239454366e+00  -2.4013133804490046e+01  -3.3591587984735747e+00
-9.4337339349199549e+00  -2.3998367359073910e+01  -3.3365028399649588e+00
-9.7219968342491843e+00  -2.4023836257988620e+01  -3.2898483615648009e+00
-1.0008758260969605e+01  -2.4062721320504831e+01  -3.2431938831646430e+00
-1.0293394151796718e+01  -2.4114937923177511e+01  -3.1965394047644851e+00
-1.0575285069134097e+01  -2.4180372429856423e+01  -3.1498849263643272e+00
-1.0845681585000969e+01  -2.4221890436720834e+01  -3.1254884303112571e+00
-1.1098170019051500e+01  -2.4190364110159507e+01  -3.1456078989523628e+00
-1.1349973101901584e+01  -2.4153764573783572e+01  -3.1657273675934685e+00
-1.1600988908859543e+01  -2.4112106642330076e+01  -3.1858468362345742e+00
-1.1851115833906736e+01  -2.4065407178070011e+01  -3.2059663048756799e+00
-1.2100252630825567e+01  -2.4013685083982807e+01  -3.2260857735167856e+00
-1.2326098334021305e+01  -2.3957536201467764e+01  -3.2470493636430908e+00
-1.2578823461750268e+01  -2.3899491019764778e+01  -3.2642922633095721e+00
-1.2814860063885652e+01  -2.3849630486300288e+01  -3.2758995122300241e+00
-1.3050302035175239e+01  -2.3797033637532952e+01  -3.2875067611504760e+00
-1.3285117655295696e+01  -2.3741707559663414e+01  -3.2991140100709280e+00
-1.3519275288309924e+01  -2.3683659706592394e+01  -3.3107212589913799e+00
-1.3752743386929266e+01  -2.3622897898916445e+01  -3.3223285079118319e+00
-1.3876321045576228e+01  -2.3666695425268614e+01  -3.6408711095701398e+00
-1.4144938927422640e+01  -2.3620705473901783e+01  -3.5937528038621922e+00
-1.4415424847337642e+01  -2.3587418701722552e+01  -3.5466344981542446e+00
-1.4645836441625686e+01  -2.3607309525641991e+01  -3.4872612135847949e+00
-1.4874661743428550e+01  -2.3640837557397244e+01  -3.4278879290153452e+00
-1.5116609523942447e+01  -2.3677678747696593e+01  -3.3719716971637985e+00
-1.5364051884333001e+01  -2.3722872923609533e+01  -3.3177839916712033e+00
-1.5608683279804476e+01  -2.3781402536642407e+01  -3.2635962861786081e+00
-1.5849785573122022e+01  -2.3853095767906723e+01  -3.2094085806860129e+00
-1.6086650987044276e+01  -2.3937742155541041e+01  -3.1552208751934177e+00
-1.6318584182066438e+01  -2.4035093212540495e+01  -3.1010331697008224e+00
-1.6543321199759919e+01  -2.4168501751960950e+01  -3.0331652456781253e+00
-1.6758370598106513e+01  -2.4290101218751698e+01  -2.9801902390091879e+00
-1.6966679594906203e+01  -2.4422917015648501e+01  -2.9272152323402505e+00
-1.7154848069538509e+01  -2.4564792566139673e+01  -2.8732858666520076e+00
-1.7296601356880142e+01  -2.4710401092066427e+01  -2.8164934239058481e+00
-1.7551269987572713e+01  -2.4824963867175942e+01  -2.8020558056577278e+00
-1.7804258120396486e+01  -2.4943191383220064e+01  -2.7876181874096075e+00
-1.8026575231803712e+01  -2.5072204135622279e+01  -2.7635181699446241e+00
-1.8186166480326730e+01  -2.5221387793929363e+01  -2.7200933540459142e+00
-1.8342095162059685e+01  -2.5375412091774987e+01  -2.6784022020979741e+00
-1.8497747170996483e+01  -2.5531760137565403e+01  -2.6401783780515733e+00
-1.8647310720230205e+01  -2.5693942146583527e+01  -2.6019545540051725e+00
-1.8790567314938009e+01  -2.5861721189915130e+01  -2.5637307299587717e+00
-1.8927307674018703e+01  -2.6034852162034582e+01  -2.5255069059123709e+00
-1.9057332035827912e+01  -2.6213082138875322e+01  -2.4872830818659701e+00
-1.9207854056472105e+01  -2.6347691863706860e+01  -2.4801747120811575e+00
-1.9412129586903944e+01  -2.6379459524948540e+01  -2.5352972508195211e+00
-1.9617845078374973e+01  -2.6399924451110348e+01  -2.5904197895578847e+00
-1.9824375623797106e+01  -2.6409024475374775e+01  -2.6455423282962482e+00
-2.0031093840172492e+01  -2.6406731954370755e+01  -2.7006648670346118e+00
-2.0271432603597670e+01  -2.6395370200604759e+01  -2.7623831467260658e+00
-2.0504417165984872e+01  -2.6371556584793787e+01  -2.8219726337208515e+00
-2.0726170204566998e+01  -2.6329278454560409e+01  -2.8825851686039430e+00
-2.0944955005060031e+01  -2.6273645177741045e+01  -2.9431977034870345e+00
-2.1150586713922571e+01  -2.6227702852966409e+01  -2.9900165437866502e+00
-2.1397874173947290e+01  -2.6175384624579490e+01  -3.0381948232235629e+00
-2.1641669134907502e+01  -2.6154775552370847e+01  -3.0628716090105570e+00
-2.1884881356877610e+01  -2.6128157289255888e+01  -3.0875483947975511e+00
-2.2108129092533808e+01  -2.6130483728376547e+01  -3.0922221427217664e+00
-2.2311515808105469e+01  -2.6168592453002930e+01  -3.0768928527832031e+00
