-6.6410545259714127e-03  6.6732126288115978e-03
3.0543261766433716e-01   -2.9734882712364197e-01
5.4819154739379883e-01   -5.4792016744613647e-01
7.6132309436798096e-01   -7.6652562618255615e-01
9.3427681922912598e-01   -9.4859927892684937e-01
1.0761436223983765e+00   -1.1137633323669434e+00
1.1900417804718018e+00   -1.2559628486633301e+00
1.2905049324035645e+00   -1.3803528547286987e+00
1.3919981718063354e+00   -1.5040276050567627e+00
1.4888372421264648e+00   -1.6293247938156128e+00
1.6070380210876465e+00   -1.7746450901031494e+00
1.7491478919982910e+00   -1.9478404521942139e+00
1.9083678722381592e+00   -2.1504545211791992e+00
2.0593037605285645e+00   -2.3571681976318359e+00
2.2125144004821777e+00   -2.5613341331481934e+00
2.3473281860351562e+00   -2.7349557876586914e+00
2.4524555206298828e+00   -2.8812584877014160e+00
2.5733201503753662e+00   -3.0424227714538574e+00
2.7384650707244873e+00   -3.2693610191345215e+00
2.9027683734893799e+00   -3.5130629539489746e+00
3.0571658611297607e+00   -3.7577655315399170e+00
3.2289218902587891e+00   -4.0087828636169434e+00
3.3868474960327148e+00   -4.2498850822448730e+00
3.5315997600555420e+00   -4.4850864410400391e+00
3.6459393501281738e+00   -4.6841573715209961e+00
3.7501161098480225e+00   -4.8880076408386230e+00
3.8457694053649902e+00   -5.0977172851562500e+00
3.9159379005432129e+00   -5.2667245864868164e+00
4.0067462921142578e+00   -5.4609918594360352e+00
4.0977640151977539e+00   -5.6570525169372559e+00
4.1803588867187500e+00   -5.8526010513305664e+00
4.2543907165527344e+00   -6.0325498580932617e+00
4.3208966255187988e+00   -6.2180528640747070e+00
4.4067091941833496e+00   -6.4707622528076172e+00
4.4838433265686035e+00   -6.7079687118530273e+00
4.5530462265014648e+00   -6.9060611724853516e+00
4.6243834495544434e+00   -7.1025037765502930e+00
4.6950087547302246e+00   -7.3074111938476562e+00
4.7548193931579590e+00   -7.5062866210937500e+00
4.8146963119506836e+00   -7.7449688911437988e+00
4.8663773536682129e+00   -7.9921607971191406e+00
4.9103879928588867e+00   -8.1912193298339844e+00
4.9571518898010254e+00   -8.3888034820556641e+00
5.0050640106201172e+00   -8.5821418762207031e+00
5.0489435195922852e+00   -8.7547388076782227e+00
5.1158447265625000e+00   -9.0383272171020508e+00
5.1760692596435547e+00   -9.3360633850097656e+00
5.2342839241027832e+00   -9.6443176269531250e+00
5.2840919494628906e+00   -9.9216518402099609e+00
5.3350543975830078e+00   -1.0186367988586426e+01
5.3731493949890137e+00   -1.0442337989807129e+01
5.3955826759338379e+00   -1.0651833534240723e+01
5.4021553993225098e+00   -1.0853057861328125e+01
5.3972387313842773e+00   -1.1114028930664062e+01
5.3852424621582031e+00   -1.1305788040161133e+01
5.3709101676940918e+00   -1.1493128776550293e+01
5.3578629493713379e+00   -1.1680860519409180e+01
5.3446288108825684e+00   -1.1856967926025391e+01
5.3213915824890137e+00   -1.2033657073974609e+01
5.2926411628723145e+00   -1.2230527877807617e+01
5.2437796592712402e+00   -1.2452024459838867e+01
5.1913027763366699e+00   -1.2664373397827148e+01
5.1414146423339844e+00   -1.2857336044311523e+01
5.0864353179931641e+00   -1.3035680770874023e+01
5.0268821716308594e+00   -1.3209548950195312e+01
4.9616737365722656e+00   -1.3377900123596191e+01
4.8853473663330078e+00   -1.3546675682067871e+01
4.7686729431152344e+00   -1.3757669448852539e+01
4.6415243148803711e+00   -1.3966358184814453e+01
4.5024833679199219e+00   -1.4160560607910156e+01
4.3645515441894531e+00   -1.4335105895996094e+01
4.2070035934448242e+00   -1.4506429672241211e+01
4.0302467346191406e+00   -1.4681198120117188e+01
3.8291082382202148e+00   -1.4864469528198242e+01
3.6182832717895508e+00   -1.5041244506835938e+01
3.4076585769653320e+00   -1.5211418151855469e+01
3.2018270492553711e+00   -1.5370348930358887e+01
2.9902067184448242e+00   -1.5537296295166016e+01
2.8268165588378906e+00   -1.5669979095458984e+01
2.6620798110961914e+00   -1.5806368827819824e+01
2.4996528625488281e+00   -1.5945831298828125e+01
2.2993755340576172e+00   -1.6121376037597656e+01
2.1070232391357422e+00   -1.6295869827270508e+01
1.9229507446289062e+00   -1.6474063873291016e+01
1.7766342163085938e+00   -1.6622539520263672e+01
1.6120223999023438e+00   -1.6800611495971680e+01
1.4374666213989258e+00   -1.7001710891723633e+01
1.2717018127441406e+00   -1.7205560684204102e+01
1.1405763626098633e+00   -1.7376281738281250e+01
1.0086374282836914e+00   -1.7559944152832031e+01
8.8027954101562500e-01   -1.7747617721557617e+01
7.5195121765136719e-01   -1.7944578170776367e+01
6.2787151336669922e-01   -1.8142610549926758e+01
5.1559543609619141e-01   -1.8328247070312500e+01
4.0228271484375000e-01   -1.8523849487304688e+01
2.9065990447998047e-01   -1.8719589233398438e+01
1.7996978759765625e-01   -1.8915763854980469e+01
6.7612648010253906e-02   -1.9112781524658203e+01
-4.3064117431640625e-02  -1.9304405212402344e+01
-1.4786720275878906e-01  -1.9481258392333984e+01
-2.5213527679443359e-01  -1.9656341552734375e+01
-3.5916805267333984e-01  -1.9835769653320312e+01
-4.7572517395019531e-01  -2.0025878906250000e+01
-5.8470153808593750e-01  -2.0202161788940430e+01
-7.3574733734130859e-01  -2.0443296432495117e+01
-8.9039611816406250e-01  -2.0681655883789062e+01
-1.0501985549926758e+00  -2.0918968200683594e+01
-1.2088785171508789e+00  -2.1149093627929688e+01
-1.3672266006469727e+00  -2.1371215820312500e+01
-1.5333948135375977e+00  -2.1590309143066406e+01
-1.6810207366943359e+00  -2.1777519226074219e+01
-1.8142528533935547e+00  -2.1944419860839844e+01
-1.9541368484497070e+00  -2.2108882904052734e+01
-2.0966024398803711e+00  -2.2268787384033203e+01
-2.2359571456909180e+00  -2.2423038482666016e+01
-2.3794860839843750e+00  -2.2572574615478516e+01
-2.5127067565917969e+00  -2.2705661773681641e+01
-2.6617889404296875e+00  -2.2844806671142578e+01
-2.8125829696655273e+00  -2.2977283477783203e+01
-3.0000753402709961e+00  -2.3132179260253906e+01
-3.2001304626464844e+00  -2.3283163070678711e+01
-3.4008760452270508e+00  -2.3416454315185547e+01
-3.5535326004028320e+00  -2.3512207031250000e+01
-3.7289514541625977e+00  -2.3613391876220703e+01
-3.9206228256225586e+00  -2.3709575653076172e+01
-4.1191873550415039e+00  -2.3797115325927734e+01
-4.3321437835693359e+00  -2.3876136779785156e+01
-4.5607957839965820e+00  -2.3954494476318359e+01
-4.7924747467041016e+00  -2.4013950347900391e+01
-5.0304298400878906e+00  -2.4064128875732422e+01
-5.2505064010620117e+00  -2.4110671997070312e+01
-5.4738006591796875e+00  -2.4145744323730469e+01
-5.6906070709228516e+00  -2.4173852920532227e+01
-5.9016418457031250e+00  -2.4192346572875977e+01
-6.1181716918945312e+00  -2.4208732604980469e+01
-6.3719272613525391e+00  -2.4223573684692383e+01
-6.6726913452148438e+00  -2.4223728179931641e+01
-6.9485940933227539e+00  -2.4225742340087891e+01
-7.1634330749511719e+00  -2.4229068756103516e+01
-7.3703622817993164e+00  -2.4229831695556641e+01
-7.5805196762084961e+00  -2.4233673095703125e+01
-7.7856492996215820e+00  -2.4238132476806641e+01
-7.9928188323974609e+00  -2.4247241973876953e+01
-8.2038660049438477e+00  -2.4249525070190430e+01
-8.4142770767211914e+00  -2.4246725082397461e+01
-8.6299781799316406e+00  -2.4243232727050781e+01
-8.8823356628417969e+00  -2.4239725112915039e+01
-9.0907649993896484e+00  -2.4229827880859375e+01
-9.3397169113159180e+00  -2.4217140197753906e+01
-9.6523838043212891e+00  -2.4198320388793945e+01
-9.9608831405639648e+00  -2.4171033859252930e+01
-1.0266536712646484e+01  -2.4139860153198242e+01
-1.0578730583190918e+01  -2.4112318038940430e+01
-1.0871212959289551e+01  -2.4090244293212891e+01
-1.1136294364929199e+01  -2.4065805435180664e+01
-1.1402498245239258e+01  -2.4053583145141602e+01
-1.1675076484680176e+01  -2.4031248092651367e+01
-1.1938746452331543e+01  -2.4004888534545898e+01
-1.2205560684204102e+01  -2.3987562179565430e+01
-1.2455051422119141e+01  -2.3971130371093750e+01
-1.2736792564392090e+01  -2.3949405670166016e+01
-1.2992980003356934e+01  -2.3929021835327148e+01
-1.3248085975646973e+01  -2.3917791366577148e+01
-1.3502805709838867e+01  -2.3910064697265625e+01
-1.3749747276306152e+01  -2.3901247024536133e+01
-1.3994377136230469e+01  -2.3897607803344727e+01
-1.4133469581604004e+01  -2.3905406951904297e+01
-1.4412439346313477e+01  -2.3909563064575195e+01
-1.4690838813781738e+01  -2.3910171508789062e+01
-1.4928879737854004e+01  -2.3915197372436523e+01
-1.5170446395874023e+01  -2.3925476074218750e+01
-1.5424453735351562e+01  -2.3934749603271484e+01
-1.5679593086242676e+01  -2.3948442459106445e+01
-1.5929204940795898e+01  -2.3982467651367188e+01
-1.6172866821289062e+01  -2.4022071838378906e+01
-1.6402847290039062e+01  -2.4061223983764648e+01
-1.6624233245849609e+01  -2.4123771667480469e+01
-1.6838024139404297e+01  -2.4208604812622070e+01
-1.7029724121093750e+01  -2.4292945861816406e+01
-1.7209207534790039e+01  -2.4387214660644531e+01
-1.7372684478759766e+01  -2.4491617202758789e+01
-1.7507238388061523e+01  -2.4586124420166016e+01
-1.7676059722900391e+01  -2.4714969635009766e+01
-1.7848638534545898e+01  -2.4854730606079102e+01
-1.8007635116577148e+01  -2.4990884780883789e+01
-1.8137039184570312e+01  -2.5099229812622070e+01
-1.8269231796264648e+01  -2.5207405090332031e+01
-1.8410678863525391e+01  -2.5312522888183594e+01
-1.8551605224609375e+01  -2.5415079116821289e+01
-1.8696847915649414e+01  -2.5506322860717773e+01
-1.8848081588745117e+01  -2.5595857620239258e+01
-1.9013519287109375e+01  -2.5683092117309570e+01
-1.9169979095458984e+01  -2.5760505676269531e+01
-1.9331394195556641e+01  -2.5822599411010742e+01
-1.9503293991088867e+01  -2.5881641387939453e+01
-1.9680566787719727e+01  -2.5937807083129883e+01
-1.9869703292846680e+01  -2.5980960845947266e+01
-2.0094898223876953e+01  -2.6019451141357422e+01
-2.0326004028320312e+01  -2.6054582595825195e+01
-2.0560382843017578e+01  -2.6085639953613281e+01
-2.0801361083984375e+01  -2.6107280731201172e+01
-2.1026437759399414e+01  -2.6116252899169922e+01
-2.1305465698242188e+01  -2.6124940872192383e+01
-2.1575279235839844e+01  -2.6137844085693359e+01
-2.1840206146240234e+01  -2.6144168853759766e+01
-2.2083255767822266e+01  -2.6154373168945312e+01
-2.2311515808105469e+01  -2.6168592453002930e+01
