-6.6410545259714127e-03  6.6732126288115978e-03
7.1185554054935096e-02   -3.9733651725189501e-01
1.4868044636661754e-01   -8.0135030208457991e-01
2.2551190437864416e-01   -1.2053721818530874e+00
3.0134821014182894e-01   -1.6094062261467088e+00
3.7585764949489386e-01   -2.0134564743968961e+00
4.4870850831937648e-01   -2.4175269654533684e+00
5.1956906817031645e-01   -2.8216217671259631e+00
5.8810761228088793e-01   -3.2257449455366274e+00
6.5399243151420072e-01   -3.6299005167125236e+00
7.1689181812488811e-01   -4.0340925257586893e+00
7.7647406611403813e-01   -4.4383250164848418e+00
8.3240747246115510e-01   -4.8426020595947561e+00
8.8454317280091399e-01   -5.2467036573458650e+00
9.3273231092206399e-01   -5.6504099011368387e+00
9.7682603881536245e-01   -6.0535008521632339e+00
1.0166754944204168e+00   -6.4557565710307792e+00
1.0521318241734634e+00   -6.8569571174468855e+00
1.0830461760088350e+00   -7.2568825495800677e+00
1.1092696936367465e+00   -7.6553129217319409e+00
1.1306535433499310e+00   -8.0520282881272891e+00
1.1470488618740082e+00   -8.4468087028822794e+00
1.1583068010788549e+00   -8.8394342199693181e+00
1.1642785130894893e+00   -9.2296848335722412e+00
1.1648151503034456e+00   -9.6173407760618890e+00
1.1597678505142470e+00   -1.0002181921890896e+01
1.1489877816501044e+00   -1.0383988443168814e+01
1.1323260971223055e+00   -1.0762540273116263e+01
1.1096339357638374e+00   -1.1137617583294283e+01
1.0807624590957057e+00   -1.1509000306733515e+01
1.0455628140933271e+00   -1.1876468614733536e+01
1.0038861555650875e+00   -1.2239802439981654e+01
9.5558363873878438e-01   -1.2598781953336603e+01
9.0050641931338316e-01   -1.2953187086923510e+01
8.3850565353363971e-01   -1.3302798010879828e+01
7.6943249085303356e-01   -1.3647394775595730e+01
6.9313808902368457e-01   -1.3986757311502883e+01
6.0947359855513528e-01   -1.4320665787398392e+01
5.1829018135289395e-01   -1.4648900133584029e+01
4.1943899210735414e-01   -1.4971240518677586e+01
3.1277118948913540e-01   -1.5287466991956116e+01
1.9813792872326919e-01   -1.5597359483322649e+01
7.5390367209011169e-02   -1.5900698160894560e+01
-5.5620337300974675e-02  -1.6197263073327143e+01
-1.9504302664413589e-01  -1.6486834149751342e+01
-3.4302654631261226e-01  -1.6769191557659283e+01
-4.9971973613014531e-01  -1.7044115345258295e+01
-6.6527143582860016e-01  -1.7311385441451705e+01
-8.3983049248523267e-01  -1.7570782013446031e+01
-1.0235457456058479e+00  -1.7822085109100382e+01
-1.2165660271061165e+00  -1.8065074656901029e+01
-1.4190401910913197e+00  -1.8299530942769504e+01
-1.6311170765756957e+00  -1.8525233775563532e+01
-1.8529455224008555e+00  -1.8741963321724818e+01
-2.0846743671891286e+00  -1.8949499509190090e+01
-2.3264524641864224e+00  -1.9147622504180525e+01
-2.5784286513837169e+00  -1.9336112234307677e+01
-2.8407517663710475e+00  -1.9514748865896973e+01
-3.1135706461636654e+00  -1.9683312565479856e+01
-3.3970341269438449e+00  -1.9841583261286345e+01
-3.6912910389817926e+00  -1.9989340889251793e+01
-3.9964901782470177e+00  -2.0126365651232511e+01
-4.3127803611211961e+00  -2.0252437529494816e+01
-4.6395735155163536e+00  -2.0368220393102497e+01
-4.9762816264996150e+00  -2.0474378117624369e+01
-5.3223167036317900e+00  -2.0571574348463102e+01
-5.6770906368993055e+00  -2.0660472970873048e+01
-6.0400154348003916e+00  -2.0741737871510662e+01
-6.4105030450058154e+00  -2.0816032700192146e+01
-6.7879654151239253e+00  -2.0884021345501765e+01
-7.1718144926117056e+00  -2.0946367696359950e+01
-7.5614622842779777e+00  -2.1003735403603962e+01
-7.9563207369462940e+00  -2.1056788356838908e+01
-8.3558017372744491e+00  -2.1106190207635937e+01
-8.7593172910856669e+00  -2.1152604846151739e+01
-9.1662793444707322e+00  -2.1196696162703617e+01
-9.5760999625060261e+00  -2.1239127809349949e+01
-9.9881909119004337e+00  -2.1280563676732633e+01
-1.0401964257346872e+01  -2.1321667655848557e+01
-1.0816831943992003e+01  -2.1363103399621128e+01
-1.1232205916222492e+01  -2.1405534799770809e+01
-1.1647498237934393e+01  -2.1449625749025188e+01
-1.2062120735067328e+01  -2.1496039902227494e+01
-1.2475485353197982e+01  -2.1545441152496291e+01
-1.2887004157518518e+01  -2.1598493392254259e+01
-1.3296088973370530e+01  -2.1655860274430523e+01
-1.3702151864893901e+01  -2.1718205688765828e+01
-1.4104604777555918e+01  -2.1786193284361349e+01
-1.4502859658019723e+01  -2.1860487183664429e+01
-1.4896328456781589e+01  -2.1941750786263754e+01
-1.5285330137372664e+01  -2.2029519750764948e+01
-1.5670183795278298e+01  -2.2123329253389926e+01
-1.6051208543577655e+01  -2.2222714479246267e+01
-1.6428723509434430e+01  -2.2327210876160571e+01
-1.6803047701979008e+01  -2.2436353894276486e+01
-1.7174500130626409e+01  -2.2549678747137595e+01
-1.7543399922981543e+01  -2.2666720649675014e+01
-1.7910066206388493e+01  -2.2787015295307139e+01
-1.8274818107201508e+01  -2.2910097663684752e+01
-1.8637974630159675e+01  -2.3035503451484598e+01
-1.8999854899096281e+01  -2.3162767878946067e+01
-1.9360777918343743e+01  -2.3291426166657832e+01
-1.9721062691726310e+01  -2.3421013773942462e+01
-2.0081028461456299e+01  -2.3551065921783447e+01
