-6.6410545259714127e-03  6.6732126288115978e-03
7.9832954940755485e-02   -4.4222648886577898e-01
1.6593839011604533e-01   -8.9113069234718367e-01
2.5130667680989854e-01   -1.3400438997352437e+00
3.3556924091356127e-01   -1.7889706127529252e+00
4.1835750838089736e-01   -2.2379153327676771e+00
4.9930290520858622e-01   -2.6868825605652153e+00
5.7803685865474486e-01   -3.1358767960890521e+00
6.5419079765562471e-01   -3.5849025375948091e+00
7.2739615505212263e-01   -4.0339642779468070e+00
7.9728436507665890e-01   -4.4830665092849191e+00
8.6348686370810857e-01   -4.9322137224536986e+00
9.2563508990376298e-01   -5.3814104053894338e+00
9.8356364645995253e-01   -5.8304121820498445e+00
1.0371071368765012e+00   -6.2789746761269205e+00
1.0861001654046607e+00   -6.7268535109118606e+00
1.1303773371456938e+00   -7.1738043091060355e+00
1.1697732582469116e+00   -7.6195826925124983e+00
1.2041225363537218e+00   -8.0639442813954059e+00
1.2332597823379947e+00   -8.5066446921520154e+00
1.2570196073023769e+00   -8.9474395411027530e+00
1.2752366225847245e+00   -9.3860844444594278e+00
1.2877454397659887e+00   -9.8223350182900884e+00
1.2943806706822627e+00   -1.0255946878478857e+01
1.2949769274421556e+00   -1.0686675640678283e+01
1.2893688224514266e+00   -1.1114276920250576e+01
1.2773909684482001e+00   -1.1538506332191641e+01
1.2588779785548387e+00   -1.1959119491027030e+01
1.2336644662165657e+00   -1.2375872011204134e+01
1.2015850452148806e+00   -1.2788519507058528e+01
1.1624743296868558e+00   -1.3196817592776139e+01
1.1161669341519520e+00   -1.3600521882349208e+01
1.0624974735490413e+00   -1.3999387989522821e+01
1.0013005632881642e+00   -1.4393171527727038e+01
9.3241081932515124e-01   -1.4781628109985663e+01
8.5566285827513744e-01   -1.5164513348784512e+01
7.7089129760131747e-01   -1.5541582855860183e+01
6.7793075497488930e-01   -1.5912592242896133e+01
5.7661584828714574e-01   -1.6277297121499068e+01
4.6678119566484544e-01   -1.6635453103173131e+01
3.4826141548968281e-01   -1.6986815799291016e+01
2.2089112642305442e-01   -1.7331140821060686e+01
8.4504947437935921e-02   -1.7668183779485869e+01
-6.1062502139288731e-02  -1.7997700285317499e+01
-2.1597660257234710e-01  -1.8319445948991454e+01
-3.8040273405436870e-01  -1.8633176380886212e+01
-5.5450627669802022e-01  -1.8938647191304742e+01
-7.3845261052409195e-01  -1.9235613990455306e+01
-9.3240711544818433e-01  -1.9523832388430773e+01
-1.1365351712650276e+00  -1.9803057995185892e+01
-1.3510021576297981e+00  -2.0073046420511869e+01
-1.5759734540355412e+00  -2.0333553274007297e+01
-1.8116144397854201e+00  -2.0584334165044122e+01
-2.0580904940099711e+00  -2.0825144702950404e+01
-2.3155669956204488e+00  -2.1055740496967800e+01
-2.5842093232505245e+00  -2.1275877156203840e+01
-2.8641828551801036e+00  -2.1485310289575011e+01
-3.1556529692881465e+00  -2.1683795506293091e+01
-3.4587850428788296e+00  -2.1871088415775876e+01
-3.7737444524233523e+00  -2.2046944627558318e+01
-4.1006965684808465e+00  -2.2211119758880699e+01
-4.4398067273097466e+00  -2.2363369454485685e+01
-4.7912402557783311e+00  -2.2503449377944523e+01
-5.1543437849102745e+00  -2.2632097069661945e+01
-5.5284639432797054e+00  -2.2750050076547708e+01
-5.9129473541521147e+00  -2.2858045953764005e+01
-6.3071406404279005e+00  -2.2956822257906129e+01
-6.7103904243099741e+00  -2.3047116546971477e+01
-7.1220433267784289e+00  -2.3129666380535774e+01
-7.5414459687509394e+00  -2.3205209318524226e+01
-7.9679449709938162e+00  -2.3274482921198206e+01
-8.4008869540205620e+00  -2.3338224749154499e+01
-8.8396185379640553e+00  -2.3397172363339152e+01
-9.2834863423960616e+00  -2.3452063325082836e+01
-9.7318369868444865e+00  -2.3503635195883184e+01
-1.0184017090709441e+01  -2.3552625537398441e+01
-1.0639373273167342e+01  -2.3599771911446506e+01
-1.1097252153050336e+01  -2.3645811880010221e+01
-1.1557000349151377e+01  -2.3691483005427415e+01
-1.2017964479926452e+01  -2.3737522850381016e+01
-1.2479491163071552e+01  -2.3784668977932430e+01
-1.2940927016582769e+01  -2.3833658952150188e+01
-1.3401618658918341e+01  -2.3885230337637040e+01
-1.3860912708964278e+01  -2.3940120698852493e+01
-1.4318155786012781e+01  -2.3999067599560167e+01
-1.4772694507924058e+01  -2.4062808602448712e+01
-1.5223875492938030e+01  -2.4132081268599812e+01
-1.5671045359831309e+01  -2.4207623156874167e+01
-1.6113550728576364e+01  -2.4290171822641479e+01
-1.6550738222978794e+01  -2.4380464813668539e+01
-1.6982962330938033e+01  -2.4477985813310724e+01
-1.7410577553098427e+01  -2.4582218499376864e+01
-1.7833938407698138e+01  -2.4692646558561453e+01
-1.8253399427059858e+01  -2.4808753701859423e+01
-1.8669315144682255e+01  -2.4930023642582761e+01
-1.9082040094348638e+01  -2.5055940095861960e+01
-1.9491928808822912e+01  -2.5185986778215053e+01
-1.9899335820608158e+01  -2.5319647407810191e+01
-2.0304615661217621e+01  -2.5456405704303648e+01
-2.0708122859758674e+01  -2.5595745389121927e+01
-2.1110211945223600e+01  -2.5737150184091330e+01
-2.1511237446313103e+01  -2.5880103811387446e+01
-2.1911553891219718e+01  -2.6024089993501178e+01
-2.2311515808105469e+01  -2.6168592453002930e+01
