-6.6410545259714127e-03  6.6732126288115978e-03
6.5507819750662577e-01   -2.9245701131956392e-01
1.2457985856335854e+00   -6.0665189383853957e-01
1.7700332361657536e+00   -9.3461256953123373e-01
2.2318458564736159e+00   -1.2739679448490251e+00
2.6349437815444543e+00   -1.6229042814704893e+00
2.9827637413210857e+00   -1.9811396649620354e+00
3.2784682800538612e+00   -2.3495738719328632e+00
3.5249049927282758e+00   -2.7290383107767244e+00
3.7246425322222088e+00   -3.1191630975841056e+00
3.8801641989537456e+00   -3.5184714000605997e+00
3.9939611629005372e+00   -3.9246473002296538e+00
4.0684945562776837e+00   -4.3348215672890005e+00
4.1063499374035750e+00   -4.7462320653964021e+00
4.1100103527616634e+00   -5.1572636604256266e+00
4.0817795662659240e+00   -5.5680017383650924e+00
4.0236888153432684e+00   -5.9796161911250785e+00
3.9374841972966323e+00   -6.3931392825927595e+00
3.8247680445238497e+00   -6.8086447728237811e+00
3.6872256548641635e+00   -7.2252178153686444e+00
3.5268012713162395e+00   -7.6412361459745028e+00
3.3457554887660983e+00   -8.0546348463854684e+00
3.1466164228897680e+00   -8.4631966487298467e+00
2.9320573865330930e+00   -8.8650320806959595e+00
2.7047407255597933e+00   -9.2589059201239312e+00
2.4671864353378554e+00   -9.6443473443304715e+00
2.2216938849749948e+00   -1.0021785560402090e+01
1.9703276463662325e+00   -1.0392246477053794e+01
1.7149619591975227e+00   -1.0756818468590151e+01
1.4573517275416743e+00   -1.1116131728299525e+01
1.1992077781922574e+00   -1.1469911621010620e+01
9.4220921375304911e-01   -1.1817161043459132e+01
6.8791232187667806e-01   -1.2156899194003946e+01
4.3762121833605772e-01   -1.2488712885721117e+01
1.9230738082856158e-01   -1.2812776037031485e+01
-4.7363990756310925e-02  -1.3129392265524929e+01
-2.8103819862737744e-01  -1.3438991460482070e+01
-5.0868271534104392e-01  -1.3742233287035996e+01
-7.3051927547236239e-01  -1.4039815408204085e+01
-9.4693740788654235e-01  -1.4332304833519810e+01
-1.1583997127630619e+00  -1.4619991470391632e+01
-1.3654180271635716e+00  -1.4902970378479509e+01
-1.5685867980131567e+00  -1.5181324994333433e+01
-1.7686188467080182e+00  -1.5455231499077875e+01
-1.9662542931617750e+00  -1.5724740903768218e+01
-2.1621674574149070e+00  -1.5989639574779645e+01
-2.3570445747684508e+00  -1.6249690215367853e+01
-2.5516977654413320e+00  -1.6504875469833053e+01
-2.7472090468294099e+00  -1.6755612321406542e+01
-2.9448128974384282e+00  -1.7002520230159799e+01
-3.1456276783359751e+00  -1.7246047709879544e+01
-3.3506955980432238e+00  -1.7486572583051181e+01
-3.5611694762110107e+00  -1.7724610001035028e+01
-3.7779223481149669e+00  -1.7960356051484034e+01
-4.0012275068757130e+00  -1.8193453810070523e+01
-4.2309385243289395e+00  -1.8423297443336104e+01
-4.4667537465604141e+00  -1.8649342629624755e+01
-4.7090147725813747e+00  -1.8871712679201874e+01
-4.9587680853573914e+00  -1.9091101438198667e+01
-5.2170871083204933e+00  -1.9308242628370849e+01
-5.4850547957338067e+00  -1.9523875582016075e+01
-5.7644091226058434e+00  -1.9738962431294233e+01
-6.0571445035391038e+00  -1.9954275426795537e+01
-6.3634281765042076e+00  -2.0170519073050350e+01
-6.6820669010052303e+00  -2.0387428806427565e+01
-7.0112007234834746e+00  -2.0604069109512849e+01
-7.3490104595921766e+00  -2.0819127407342126e+01
-7.6949945445644907e+00  -2.1031371264798320e+01
-8.0518953952026528e+00  -2.1240159593474083e+01
-8.4228968602456895e+00  -2.1444858018284663e+01
-8.8066298278854482e+00  -2.1644019976690608e+01
-9.1985929023733757e+00  -2.1835739056653431e+01
-9.5947460871355030e+00  -2.2018131526051249e+01
-9.9934453129427840e+00  -2.2189584258234081e+01
-1.0396359217469639e+01  -2.2349109081419378e+01
-1.0806398181827300e+01  -2.2496557593825443e+01
-1.1223084062847823e+01  -2.2632577235047275e+01
-1.1644443534504804e+01  -2.2758939707654569e+01
-1.2069440792190317e+01  -2.2878390296839768e+01
-1.2490388152602538e+01  -2.2993183980332493e+01
-1.2897637773331562e+01  -2.3104856069759823e+01
-1.3301325189914984e+01  -2.3216121811303935e+01
-1.3724154769796332e+01  -2.3330528174894425e+01
-1.4163013367381026e+01  -2.3448715569419814e+01
-1.4595795175050867e+01  -2.3568849260593797e+01
-1.5010425011006333e+01  -2.3689668982621441e+01
-1.5409406632311809e+01  -2.3811052797606770e+01
-1.5808911976080394e+01  -2.3934411200849997e+01
-1.6219491666572274e+01  -2.4060490569208252e+01
-1.6636325366876804e+01  -2.4187998077828695e+01
-1.7050064524770431e+01  -2.4314129306963068e+01
-1.7450697320287453e+01  -2.4436575741961093e+01
-1.7842538881102069e+01  -2.4556863601484427e+01
-1.8238168890598981e+01  -2.4678833457642504e+01
-1.8641244456434574e+01  -2.4803866358799802e+01
-1.9042454980823248e+01  -2.4929610673864889e+01
-1.9438195221557898e+01  -2.5056013605073574e+01
-1.9836573798589725e+01  -2.5187885856906870e+01
-2.0240355774475983e+01  -2.5328999584003355e+01
-2.0650366435808479e+01  -2.5481699292320169e+01
-2.1061541891741545e+01  -2.5644215337213279e+01
-2.1472369734292229e+01  -2.5813779100541499e+01
-2.1887245448150260e+01  -2.5988768281007282e+01
-2.2311515808105469e+01  -2.6168592453002930e+01
