-6.6410545259714127e-03  6.6732126288115978e-03
6.5986361601706278e-01   -2.8975361285345369e-01
1.2642369248669838e+00   -5.9951066134800002e-01
1.8090438801247990e+00   -9.2188828917387289e-01
2.2965464599587233e+00   -1.2551473908310045e+00
2.7288694960372522e+00   -1.5979249881240842e+00
3.1081251838870037e+00   -1.9500755122444451e+00
3.4364043762452674e+00   -2.3123344097956409e+00
3.7157030369329878e+00   -2.6852505035505434e+00
3.9479177168535564e+00   -3.0683590786098014e+00
4.1349692869969585e+00   -3.4603296916865762e+00
4.2788687423225342e+00   -3.8592639851432891e+00
4.3816926458772931e+00   -4.2629663202682790e+00
4.4457430762890731e+00   -4.6693465439845063e+00
4.4733605057310237e+00   -5.0771838664955729e+00
4.4668486981171203e+00   -5.4863840551928664e+00
4.4283776504873114e+00   -5.8974390885593131e+00
4.3599373623509532e+00   -6.3104895151939253e+00
4.2634107847734839e+00   -6.7248029721340838e+00
4.1407218725918247e+00   -7.1390218994312207e+00
3.9939455221859905e+00   -7.5515921013368228e+00
3.8253268312343600e+00   -7.9609750580153360e+00
3.6372289297562230e+00   -8.3657098249326207e+00
3.4320423661626096e+00   -8.7645192184904541e+00
3.2120864019819124e+00   -9.1564205316065514e+00
2.9795356832702895e+00   -9.5408491536890683e+00
2.7363821383777047e+00   -9.9177958996621918e+00
2.4844379135285557e+00   -1.0287661574528846e+01
2.2253716123843210e+00   -1.0650989378710161e+01
1.9607578647696864e+00   -1.1008103376038935e+01
1.6921377285487409e+00   -1.1358654634154160e+01
1.4210399014547512e+00   -1.1701668461137965e+01
1.1489036299697490e+00   -1.2036226819040186e+01
8.7696773297829633e-01   -1.2361997404439837e+01
6.0622653165787677e-01   -1.2679127552086188e+01
3.3747909047957469e-01   -1.2987771569933956e+01
7.1333613239382809e-02   -1.3288116130510756e+01
-1.9182126466889426e-01  -1.3580579112708145e+01
-4.5178286294718539e-01  -1.3865712744210249e+01
-7.0845552865222838e-01  -1.4143983183491581e+01
-9.6176911564849887e-01  -1.4415602553899170e+01
-1.2116909725676244e+00  -1.4680662040791063e+01
-1.4582937672743261e+00  -1.4939349150427031e+01
-1.7017827280098980e+00  -1.5191977691056330e+01
-1.9424086205543531e+00  -1.5438758950624145e+01
-2.1804117239249168e+00  -1.5679719263805524e+01
-2.4161072941135435e+00  -1.5914925496358453e+01
-2.6499709235147573e+00  -1.6144654560714400e+01
-2.8827200875169710e+00  -1.6369503922969042e+01
-3.1152040994113896e+00  -1.6590188827858011e+01
-3.3482157596958384e+00  -1.6807287071642545e+01
-3.5825505136621203e+00  -1.7021348913045383e+01
-3.8191652008890502e+00  -1.7233061343617731e+01
-4.0588724175424566e+00  -1.7442874366799280e+01
-4.3020937530991628e+00  -1.7650807640408047e+01
-4.5490202608935757e+00  -1.7856688895171736e+01
-4.7998281970532730e+00  -1.8060386273576171e+01
-5.0552061788313747e+00  -1.8262194210821900e+01
-5.3163311041562196e+00  -1.8462718278561216e+01
-5.5842952315275856e+00  -1.8662462124621001e+01
-5.8600642132676812e+00  -1.8861827719009483e+01
-6.1450936175780724e+00  -1.9061389793497831e+01
-6.4412431525640672e+00  -1.9261704144408757e+01
-6.7490479360638389e+00  -1.9463603202741474e+01
-7.0679986312756160e+00  -1.9667198249403086e+01
-7.3967710111879423e+00  -1.9872029978288694e+01
-7.7337949196599256e+00  -2.0077324551016023e+01
-8.0784580464947275e+00  -2.0282402156932033e+01
-8.4327804001999063e+00  -2.0487103752743415e+01
-8.7993987780847398e+00  -2.0691365350013598e+01
-9.1774721654937856e+00  -2.0894547723666030e+01
-9.5632787954321525e+00  -2.1095638956016948e+01
-9.9534305077211354e+00  -2.1293672012029376e+01
-1.0346782481636327e+01  -2.1487865421211300e+01
-1.0744523895089573e+01  -2.1677661565931707e+01
-1.1148442296893828e+01  -2.1862735271933659e+01
-1.1557406992230147e+01  -2.2042881662194187e+01
-1.1969281099926862e+01  -2.2218339348214720e+01
-1.2384496162521128e+01  -2.2389972909831101e+01
-1.2798509595397338e+01  -2.2558178077088474e+01
-1.3203004885491291e+01  -2.2722675617413021e+01
-1.3604588496532720e+01  -2.2884307999048076e+01
-1.4019315063375434e+01  -2.3044844662206742e+01
-1.4443163304057052e+01  -2.3204117180747939e+01
-1.4860394975160730e+01  -2.3360731179500963e+01
-1.5264917532292344e+01  -2.3514379947777996e+01
-1.5659594625361430e+01  -2.3665729521086995e+01
-1.6053991135817029e+01  -2.3816283854811179e+01
-1.6452980226295175e+01  -2.3966906508539306e+01
-1.6852787144563877e+01  -2.4117183706719686e+01
-1.7248895606160811e+01  -2.4265603735139948e+01
-1.7635020511930215e+01  -2.4410518975451083e+01
-1.8013696002760394e+01  -2.4552485044279226e+01
-1.8395103986386030e+01  -2.4694109412842700e+01
-1.8781758591795292e+01  -2.4835980387730466e+01
-1.9166401766750067e+01  -2.4975925151785422e+01
-1.9546759956016821e+01  -2.5113677761033657e+01
-1.9930584747724552e+01  -2.5252957201282481e+01
-2.0319763824059418e+01  -2.5396125381275084e+01
-2.0714661250871956e+01  -2.5544650141853250e+01
-2.1110602236437590e+01  -2.5697086087640525e+01
-2.1506103102212151e+01  -2.5851849540833857e+01
-2.1904961140670402e+01  -2.6008800686860553e+01
-2.2311515808105469e+01  -2.6168592453002930e+01
