-6.6410545259714127e-03  6.6732126288115978e-03
6.6141256192084086e-01   -2.8517362175123506e-01
1.2709023930829262e+00   -5.8865833936561629e-01
1.8231987911660588e+00   -9.0399875970724386e-01
2.3197615154244215e+00   -1.2312471799736131e+00
2.7621379477279260e+00   -1.5701175735923765e+00
3.1519729831881511e+00   -1.9200048795482934e+00
3.4910010387666297e+00   -2.2800729785784473e+00
3.7810344959783979e+00   -2.6494604177580019e+00
4.0239105395006511e+00   -3.0273134724734794e+00
4.2214270163365581e+00   -3.4126404326342996e+00
4.3753634170051514e+00   -3.8045034098487944e+00
4.4875545481142316e+00   -4.2023826692024526e+00
4.5600891036633406e+00   -4.6058849422503449e+00
4.5951625973295345e+00   -5.0144974827713602e+00
4.5950299172180724e+00   -5.4271022887782241e+00
4.5620129330037908e+00   -5.8420921227695182e+00
4.4985126778264171e+00   -6.2578924096908430e+00
4.4069657106920630e+00   -6.6731968534550372e+00
4.2897532732723667e+00   -7.0866982004337231e+00
4.1491634081570599e+00   -7.4971383707536319e+00
3.9873828004726413e+00   -7.9035012792906656e+00
3.8065116045456517e+00   -8.3051014081368901e+00
3.6085786878026243e+00   -8.7015339174726929e+00
3.3955609426923616e+00   -9.0928108421324456e+00
3.1693711124618789e+00   -9.4792584523474392e+00
2.9318287488284493e+00   -9.8609476120797943e+00
2.6846462198411167e+00   -1.0237180225299033e+01
2.4294252527499216e+00   -1.0606508846302400e+01
2.1676309836470971e+00   -1.0967405503400233e+01
1.9005507334239240e+00   -1.1318998412287552e+01
1.6292701286867306e+00   -1.1661383052641108e+01
1.3547245927564235e+00   -1.1995176265718348e+01
1.0777733895902157e+00   -1.2321060874803454e+01
7.9925193438261966e-01   -1.2639522113376929e+01
5.2001396396513988e-01   -1.2950622140612667e+01
2.4097147210702807e-01   -1.3253830704370925e+01
-3.6932038709116433e-02  -1.3548227976500565e+01
-3.1290410022517001e-01  -1.3833267849896437e+01
-5.8649906102374938e-01  -1.4109329162228459e+01
-8.5760570736907993e-01  -1.4377419997269989e+01
-1.1261752350340550e+00  -1.4638255720219163e+01
-1.3919142201551855e+00  -1.4891603684194731e+01
-1.6543559082085675e+00  -1.5136791180970270e+01
-1.9133920065940870e+00  -1.5374055486116088e+01
-2.1695906198752342e+00  -1.5604981476558820e+01
-2.4238400430988341e+00  -1.5831485907811700e+01
-2.6766230212167836e+00  -1.6054436731963790e+01
-2.9276028618699983e+00  -1.6273187704592882e+01
-3.1760914361423467e+00  -1.6486565080032388e+01
-3.4219545730961070e+00  -1.6694177006182340e+01
-3.6658861517083849e+00  -1.6896587093205905e+01
-3.9091667839884154e+00  -1.7094870239682489e+01
-4.1534599820108404e+00  -1.7290330941239283e+01
-4.4006240456101491e+00  -1.7484289071415432e+01
-4.6522683802478237e+00  -1.7677681484168623e+01
-4.9093863025220230e+00  -1.7870833012772948e+01
-5.1721678964369655e+00  -1.8063435251051697e+01
-5.4402806318966981e+00  -1.8254865557346921e+01
-5.7137784544890113e+00  -1.8444796452318755e+01
-5.9933492588914605e+00  -1.8633254515922630e+01
-6.2799243308501671e+00  -1.8820365895373136e+01
-6.5745725440435594e+00  -1.9006328282287175e+01
-6.8778058897076377e+00  -1.9192239348333210e+01
-7.1907672717938045e+00  -1.9379354127946939e+01
-7.5146978472017363e+00  -1.9568803566946073e+01
-7.8498983303807508e+00  -1.9761230688959291e+01
-8.1951441522228770e+00  -1.9956647007805980e+01
-8.5479418191147012e+00  -2.0154548458706550e+01
-8.9063695651330796e+00  -2.0354366127377375e+01
-9.2708609613464468e+00  -2.0555829808548289e+01
-9.6430000078192375e+00  -2.0758798028416088e+01
-1.0023112986625859e+01  -2.0962966026602473e+01
-1.0409979975189488e+01  -2.1167839708959637e+01
-1.0802728307549900e+01  -2.1372851742299467e+01
-1.1200096635730498e+01  -2.1577112406972034e+01
-1.1600471586498946e+01  -2.1779393905941898e+01
-1.2004186414372358e+01  -2.1978516960519407e+01
-1.2411585877525095e+01  -2.2173408254527146e+01
-1.2822682020667418e+01  -2.2363314876900791e+01
-1.3237984705742756e+01  -2.2547978218273617e+01
-1.3656090605106634e+01  -2.2727302450570903e+01
-1.4073865711111029e+01  -2.2901183759229752e+01
-1.4489930419650008e+01  -2.3069784881515456e+01
-1.4903930207704676e+01  -2.3233544761921312e+01
-1.5316934863415696e+01  -2.3393435209389935e+01
-1.5729998439677226e+01  -2.3550940631202046e+01
-1.6140685853224255e+01  -2.3707454952566611e+01
-1.6546985930221261e+01  -2.3864545544717895e+01
-1.6947625883005344e+01  -2.4023651859719564e+01
-1.7342162212491683e+01  -2.4184594347169977e+01
-1.7735776084249245e+01  -2.4348008485033603e+01
-1.8129964399137958e+01  -2.4513496692457327e+01
-1.8518572981480329e+01  -2.4678540918045947e+01
-1.8897253081465092e+01  -2.4840947361988889e+01
-1.9273430012675970e+01  -2.5001894657095480e+01
-1.9654525869026465e+01  -2.5162618896440151e+01
-2.0033840973310490e+01  -2.5319764709751109e+01
-2.0408120557381562e+01  -2.5470982616229918e+01
-2.0778102765840828e+01  -2.5615615908759988e+01
-2.1154091692614347e+01  -2.5757048837121726e+01
-2.1542131725793084e+01  -2.5898044094209101e+01
-2.1939795764007194e+01  -2.6038966597581378e+01
-2.2311515808105469e+01  -2.6168592453002930e+01
