-6.6410545259714127e-03  6.6732126288115978e-03
6.5978696444388163e-01   -2.8737738428251558e-01
1.2636181094449257e+00   -5.9387136159767195e-01
1.8061224180657780e+00   -9.1313972802999777e-01
2.2887011774040968e+00   -1.2452937595729936e+00
2.7129097563521936e+00   -1.5900087462398527e+00
3.0804831722445476e+00   -1.9465394964954674e+00
3.3933214237458778e+00   -2.3137946043833484e+00
3.6534724499273725e+00   -2.6906276769743105e+00
3.8630640677141521e+00   -3.0759269015429984e+00
4.0242293406316021e+00   -3.4685003559970315e+00
4.1391454413886963e+00   -3.8673491167884917e+00
4.2101356962618146e+00   -4.2720891687790212e+00
4.2399086875561629e+00   -4.6825979678202607e+00
4.2313913971494808e+00   -5.0985948085732096e+00
4.1876619725006652e+00   -5.5189597220973159e+00
4.1119320614217596e+00   -5.9417802951099112e+00
4.0075253769536143e+00   -6.3649445868816237e+00
3.8777918596788790e+00   -6.7865291548332873e+00
3.7259751112698032e+00   -7.2046495637588421e+00
3.5551506708828899e+00   -7.6178344981683352e+00
3.3681909154781344e+00   -8.0253419946989908e+00
3.1677505609970678e+00   -8.4271744326482274e+00
2.9562571107304807e+00   -8.8237577119329895e+00
2.7359138355680330e+00   -9.2158644822596276e+00
2.5086771093567153e+00   -9.6043115898882565e+00
2.2762266513171578e+00   -9.9891985686151337e+00
2.0399626799737156e+00   -1.0369438104079398e+01
1.8010187280917183e+00   -1.0743040586729418e+01
1.5602533948981654e+00   -1.1108130639203456e+01
1.3182394310004468e+00   -1.1463833645975907e+01
1.0752844510272190e+00   -1.1810580690675929e+01
8.3155406941095311e-01   -1.2149424473525889e+01
5.8720205463213926e-01   -1.2481487163646609e+01
3.4247544208497027e-01   -1.2807550646835638e+01
9.7798651245794788e-02   -1.3127709328379696e+01
-1.4618775621786206e-01  -1.3441257807890365e+01
-3.8868133966584251e-01  -1.3747001241385513e+01
-6.2895689468165195e-01  -1.4044181984875685e+01
-8.6660918179706481e-01  -1.4333107767689580e+01
-1.1015590545751957e+00  -1.4614831973130585e+01
-1.3337817890654271e+00  -1.4890185420593767e+01
-1.5629828885206640e+00  -1.5159062480695891e+01
-1.7886697300011700e+00  -1.5420942913891871e+01
-2.0107730023445143e+00  -1.5676428418550170e+01
-2.2300131595862327e+00  -1.5927694911255017e+01
-2.4474644632648497e+00  -1.6177209119576990e+01
-2.6636761771158315e+00  -1.6426014829307235e+01
-2.8781128868944124e+00  -1.6673045404463945e+01
-3.0897424256748174e+00  -1.6916366782531778e+01
-3.2982549080265269e+00  -1.7154948328432706e+01
-3.5044860719812121e+00  -1.7388993759484745e+01
-3.7101845452188842e+00  -1.7619474977441126e+01
-3.9178435364694590e+00  -1.7847865099469111e+01
-4.1304838745591237e+00  -1.8075863025043972e+01
-4.3509273234240933e+00  -1.8304706969207380e+01
-4.5810500636609390e+00  -1.8534646722985656e+01
-4.8211925021880031e+00  -1.8764697844321045e+01
-5.0703513182370301e+00  -1.8993030399475675e+01
-5.3276060406630226e+00  -1.9218014547621337e+01
-5.5927769589341851e+00  -1.9438540744579399e+01
-5.8662044383483360e+00  -1.9653852184159071e+01
-6.1489975261144822e+00  -1.9863676992585713e+01
-6.4424089799938926e+00  -2.0069008831422657e+01
-6.7486413553127864e+00  -2.0271230363551226e+01
-7.0694118116640166e+00  -2.0471539671970888e+01
-7.4047582070134412e+00  -2.0670549782410195e+01
-7.7525617833721689e+00  -2.0868134661657489e+01
-8.1089176091385049e+00  -2.1063534550320320e+01
-8.4708358031549302e+00  -2.1255989555245264e+01
-8.8388646158264272e+00  -2.1445284620359736e+01
-9.2150646459570549e+00  -2.1631491820401600e+01
-9.6001279097215626e+00  -2.1814656944809641e+01
-9.9932419418948104e+00  -2.1994750621950207e+01
-1.0393216264550633e+01  -2.2171544341238409e+01
-1.0798254518420928e+01  -2.2344268799307926e+01
-1.1206626385960311e+01  -2.2511587077919895e+01
-1.1618493698727521e+01  -2.2672000253575895e+01
-1.2034535358535532e+01  -2.2824154361628587e+01
-1.2455636856559142e+01  -2.2967260609017490e+01
-1.2882741738137165e+01  -2.3101275261120296e+01
-1.3314694273319525e+01  -2.3226550716790996e+01
-1.3747184693235358e+01  -2.3343418036954972e+01
-1.4177908210482528e+01  -2.3452562810821487e+01
-1.4606943031763208e+01  -2.3555242950703050e+01
-1.5036375204411485e+01  -2.3653656333085308e+01
-1.5468728751070964e+01  -2.3751091955474202e+01
-1.5900624212484813e+01  -2.3850903901426779e+01
-1.6327937906997384e+01  -2.3956679782007324e+01
-1.6749382503412448e+01  -2.4072066805321981e+01
-1.7163099607587508e+01  -2.4197891905000787e+01
-1.7576058524434792e+01  -2.4335733742907138e+01
-1.7988152193823321e+01  -2.4484794433393606e+01
-1.8390920455578534e+01  -2.4641450139695117e+01
-1.8779058739805546e+01  -2.4802260371250973e+01
-1.9163603567096441e+01  -2.4967950765570212e+01
-1.9555014245643896e+01  -2.5138586303666713e+01
-1.9945100624494572e+01  -2.5307703352252940e+01
-2.0326925918175629e+01  -2.5468899314685729e+01
-2.0700923095506965e+01  -2.5618940417426980e+01
-2.1087994909930021e+01  -2.5763363114770652e+01
-2.1502027098183831e+01  -2.5907435402039912e+01
-2.1928341897048576e+01  -2.6048037232423297e+01
-2.2311515808105469e+01  -2.6168592453002930e+01
