-6.6410545259714127e-03  6.6732126288115978e-03
6.6100689270849955e-01   -2.8552724865810686e-01
1.2691824414532875e+00   -5.8954828141559645e-01
1.8192684608895695e+00   -9.0562987061384481e-01
2.3127458103157790e+00   -1.2338333957080949e+00
2.7511962038772180e+00   -1.5738571094009397e+00
3.1363143661684978e+00   -1.9250558069488823e+00
3.4698990871675086e+00   -2.2865314994677295e+00
3.7538373734045454e+00   -2.6573613710508486e+00
3.9900479487108562e+00   -3.0366393344043265e+00
4.1804092455693462e+00   -3.4233283203029092e+00
4.3267849162574707e+00   -3.8164698171478362e+00
4.4311020353731427e+00   -4.2155701372543630e+00
4.4955599231366072e+00   -4.6203018157053926e+00
4.5224780708860530e+00   -5.0302149295754068e+00
4.5142455963867736e+00   -5.4442022057131911e+00
4.4733259899495916e+00   -5.8606045505763724e+00
4.4022650047917491e+00   -6.2777570880737166e+00
4.3036377211138159e+00   -6.6942517769894305e+00
4.1799519808529331e+00   -7.1086736581020276e+00
4.0336050223080608e+00   -7.5197052853120425e+00
3.8668755601772311e+00   -7.9263548325858011e+00
3.6819350359421361e+00   -8.3280418650041081e+00
3.4808645306981321e+00   -8.7245026269415344e+00
3.2656721697278841e+00   -9.1158941713331902e+00
3.0382819019516250e+00   -9.5026537224566159e+00
2.8005031462970162e+00   -9.8848811121312927e+00
2.5540184684907139e+00   -1.0261816732333335e+01
2.3003814352297800e+00   -1.0631905670185457e+01
2.0409908426368126e+00   -1.0993540351994898e+01
1.7770522936351056e+00   -1.1345835940039475e+01
1.5095585507944271e+00   -1.1688947757059291e+01
1.2393516965619655e+00   -1.2023581097604639e+01
9.6720611043019300e-01   -1.2350511172159106e+01
6.9388766387433032e-01   -1.2670291878753973e+01
4.2020148613806774e-01   -1.2983007251467770e+01
1.4703032001123340e-01   -1.3288108262697646e+01
-1.2469785158295676e-01  -1.3584630738436752e+01
-3.9420322637339389e-01  -1.3871991497490889e+01
-6.6105934563831237e-01  -1.4150558767903203e+01
-9.2518426152252231e-01  -1.4421357382352234e+01
-1.1865657074461644e+00  -1.4685134475311784e+01
-1.4449441149839819e+00  -1.4941680407293486e+01
-1.6998776443535870e+00  -1.5190336655976374e+01
-1.9512951962532057e+00  -1.5431395750436462e+01
-2.1998245991003929e+00  -1.5666550809635297e+01
-2.4464163751911192e+00  -1.5897818367261468e+01
-2.6915811644510366e+00  -1.6126085568099654e+01
-2.9349504456407502e+00  -1.6350609131365953e+01
-3.1757762467807744e+00  -1.6570067015037576e+01
-3.4139027008426890e+00  -1.6783960913118985e+01
-3.6500635027063097e+00  -1.6992807586522556e+01
-3.8856346318125121e+00  -1.7197682410664850e+01
-4.1224414864511481e+00  -1.7399941141167567e+01
-4.3625607578751637e+00  -1.7600989363049038e+01
-4.6078126135699673e+00  -1.7801818766540144e+01
-4.8593203082593277e+00  -1.8002723667336852e+01
-5.1172684423201442e+00  -1.8203257018858704e+01
-5.3811904944150086e+00  -1.8402574927006345e+01
-5.6509677950804420e+00  -1.8600120434557525e+01
-5.9271404194749566e+00  -1.8795721995628440e+01
-6.2105581141906212e+00  -1.8989359010798246e+01
-6.5023388671331590e+00  -1.9181160745551640e+01
-6.8031465421734580e+00  -1.9372205678861469e+01
-7.1143097713360408e+00  -1.9563758083883371e+01
-7.4371560190462187e+00  -1.9756944316877409e+01
-7.7719347397588026e+00  -1.9952377003103425e+01
-8.1172356362927012e+00  -2.0150005965573467e+01
-8.4702707680893106e+00  -2.0349237076889686e+01
-8.8289111834802476e+00  -2.0549426857357844e+01
-9.1936259779022329e+00  -2.0750280559495287e+01
-9.5661326658239982e+00  -2.0951666980124166e+01
-9.9468608837739918e+00  -2.1153314577279772e+01
-1.0334640777077000e+01  -2.1354773882066784e+01
-1.0728539002244419e+01  -2.1555500058325201e+01
-1.1127159981639617e+01  -2.1754580975058659e+01
-1.1528803796086043e+01  -2.1950724894349033e+01
-1.1933826469075116e+01  -2.2142671668904875e+01
-1.2342701504813913e+01  -2.2329290374659593e+01
-1.2755631682875975e+01  -2.2509830365525364e+01
-1.3173229504403034e+01  -2.2684099491314388e+01
-1.3594058024730963e+01  -2.2852118510637126e+01
-1.4014699160474738e+01  -2.3013913070219132e+01
-1.4433593659129073e+01  -2.3169809104843093e+01
-1.4850494762872827e+01  -2.3320476467396166e+01
-1.5266737023678758e+01  -2.3467202275391827e+01
-1.5683656662829387e+01  -2.3611878274253193e+01
-1.6098583397131421e+01  -2.3756302151052939e+01
-1.6509016102569284e+01  -2.3902411183450806e+01
-1.6913456685922824e+01  -2.4051977179009725e+01
-1.7311487516523055e+01  -2.4205020143678766e+01
-1.7708746808355080e+01  -2.4362335295870395e+01
-1.8106460141935809e+01  -2.4523408706464895e+01
-1.8497862513188092e+01  -2.4685425492936083e+01
-1.8878364846372929e+01  -2.4845919581456052e+01
-1.9256120823833196e+01  -2.5006011907537985e+01
-1.9639244907036108e+01  -2.5166809102967861e+01
-2.0020637352399845e+01  -2.5324421501438120e+01
-2.0396209880425385e+01  -2.5475799148364928e+01
-2.0766593824190437e+01  -2.5619891707557596e+01
-2.1144127941775114e+01  -2.5760584584649802e+01
-2.1536363665108880e+01  -2.5901153072480586e+01
-2.1938652785338981e+01  -2.6041293801331989e+01
-2.2311515808105469e+01  -2.6168592453002930e+01
