-6.6410545259714127e-03  6.6732126288115978e-03
6.6059258082266581e-01   -2.8598193524019533e-01
1.2673788049023842e+00   -5.9065207002986952e-01
1.8150949436623967e+00   -9.0760346980932516e-01
2.3052268035866530e+00   -1.2369112305526841e+00
2.7393766028182580e+00   -1.5782609389755247e+00
3.1192772129244792e+00   -1.9309675744316399e+00
3.4467829754121375e+00   -2.2940671358927478e+00
3.7238514687109419e+00   -2.6665690965757509e+00
3.9524812868761394e+00   -3.0475088374255668e+00
4.1346362162419537e+00   -3.4357994597339090e+00
4.2722728923316895e+00   -3.8304609942298979e+00
4.3674271086153302e+00   -4.2310296747604665e+00
4.4224328918103133e+00   -4.6372501580286958e+00
4.4397644669126644e+00   -5.0487392187065714e+00
4.4219816593903136e+00   -5.4643956633166457e+00
4.3717296345113592e+00   -5.8824936411143973e+00
4.2917413040776378e+00   -6.3012548483695845e+00
4.1847753305956275e+00   -6.7191432130894366e+00
4.0535081179378940e+00   -7.1346153280429760e+00
3.9004875849453899e+00   -7.5462932484162906e+00
3.7281202386745456e+00   -7.9532296132407083e+00
3.5386800405960668e+00   -8.3549829558263280e+00
3.3343203126347776e+00   -8.7514649370172943e+00
3.1170912609525545e+00   -9.1430013206957543e+00
2.8889257751663466e+00   -9.5301529213701901e+00
2.6516106244388009e+00   -9.9130443961946320e+00
2.4067749687348545e+00   -1.0290836654351386e+01
2.1558921468997019e+00   -1.0661847229023348e+01
1.9002555740439784e+00   -1.1024381613143351e+01
1.6409446700579877e+00   -1.1377550260222275e+01
1.3788137061193630e+00   -1.1721583207422450e+01
1.1145683147422405e+00   -1.2057283232690699e+01
8.4885852150363927e-01   -1.2385525801523119e+01
5.8234792748421649e-01   -1.2706937231594397e+01
3.1576854565497448e-01   -1.3021618425097531e+01
4.9957837902163571e-02   -1.3328991028944442e+01
-2.1417986099381492e-01  -1.3628036032855087e+01
-4.7587994794626987e-01  -1.3918126565430647e+01
-7.3473283234790709e-01  -1.4199616966832036e+01
-9.9067879887603794e-01  -1.4473545838410736e+01
-1.2437327606688207e+00  -1.4740691547474412e+01
-1.4936576798567236e+00  -1.5000873005159544e+01
-1.7400274522835797e+00  -1.5253456842305262e+01
-1.9827988736213698e+00  -1.5498806994352019e+01
-2.2226538933051048e+00  -1.5738743836177960e+01
-2.4606010885547667e+00  -1.5975402395505487e+01
-2.6971756564096547e+00  -1.6209699082999862e+01
-2.9319671139604524e+00  -1.6440785356074510e+01
-3.1641547715610479e+00  -1.6667167988166849e+01
-3.3935515293491587e+00  -1.6888216350969937e+01
-3.6209297060144152e+00  -1.7104380686612583e+01
-3.8477735230326049e+00  -1.7316725522465997e+01
-4.0760955372781744e+00  -1.7526655132332728e+01
-4.3082316009995534e+00  -1.7735668561314114e+01
-4.5462608042590542e+00  -1.7944823064750288e+01
-4.7914794936688736e+00  -1.8154383513642699e+01
-5.0440834752791286e+00  -1.8363742048079285e+01
-5.3034534014432069e+00  -1.8571788818035703e+01
-5.5692615096037574e+00  -1.8777685293947783e+01
-5.8418621468461724e+00  -1.8981013166702354e+01
-6.1219894267516564e+00  -1.9181565035921842e+01
-6.4107975768499559e+00  -1.9379378852775151e+01
-6.7091316591320762e+00  -1.9575513963144154e+01
-7.0185468032726863e+00  -1.9771256336275187e+01
-7.3404689405702666e+00  -1.9967738527311369e+01
-7.6750889937184583e+00  -2.0165556203991105e+01
-8.0207839961636118e+00  -2.0364611177785076e+01
-8.3744270953369302e+00  -2.0564230225931816e+01
-8.7336497288980333e+00  -2.0763708453601225e+01
-9.0989649805114858e+00  -2.0962746693253713e+01
-9.4722207796087883e+00  -2.1161243359631946e+01
-9.8539402228013966e+00  -2.1358982356129374e+01
-1.0243030464615147e+01  -2.1555588248407421e+01
-1.0638492477242893e+01  -2.1750561145933538e+01
-1.1038794546039336e+01  -2.1942980945590122e+01
-1.1442170709881514e+01  -2.2131497198883945e+01
-1.1848961018216047e+01  -2.2314757311719511e+01
-1.2259755800353769e+01  -2.2491559251689011e+01
-1.2674980757239684e+01  -2.2661147365914463e+01
-1.3095361281212726e+01  -2.2823392685131527e+01
-1.3519468057003301e+01  -2.2978437323007427e+01
-1.3943571030515631e+01  -2.3126436745184037e+01
-1.4365888504710128e+01  -2.3267881276054336e+01
-1.4786291977380884e+01  -2.3403685505176927e+01
-1.5206396261540391e+01  -2.3535483568307171e+01
-1.5627867430575359e+01  -2.3665636895469014e+01
-1.6047779378157117e+01  -2.3796429786055075e+01
-1.6463079994933786e+01  -2.3930267533395874e+01
-1.6872092731378757e+01  -2.4069374344308187e+01
-1.7274302682042769e+01  -2.4214003755739313e+01
-1.7675823825185525e+01  -2.4365139098360629e+01
-1.8077542590895160e+01  -2.4522133405485281e+01
-1.8472078020695417e+01  -2.4681847068482348e+01
-1.8854606196546879e+01  -2.4841488333744870e+01
-1.9234123133632391e+01  -2.5002067510565329e+01
-1.9619496934547705e+01  -2.5164460203126552e+01
-2.0003232557706852e+01  -2.5324097967426280e+01
-2.0380322381569794e+01  -2.5477049653812315e+01
-2.0751313100618660e+01  -2.5621748034614480e+01
-2.1130937672304899e+01  -2.5762624017175437e+01
-2.1528520409112176e+01  -2.5903547987107661e+01
-2.1936714919128043e+01  -2.6043439091706745e+01
-2.2311515808105469e+01  -2.6168592453002930e+01
