-6.6410545259714127e-03  6.6732126288115978e-03
6.5724578001852763e-01   -2.9134221074716860e-01
1.2540771939557289e+00   -6.0365889130462691e-01
1.7874324280221379e+00   -9.2924558850172323e-01
2.2605082996346266e+00   -1.2660091452484239e+00
2.6762514693038537e+00   -1.6123392091724393e+00
3.0374669769473064e+00   -1.9680317989132226e+00
3.3468135883576942e+00   -2.3339356098994006e+00
3.6067488457251020e+00   -2.7107627220258852e+00
3.8195460013079021e+00   -3.0980824844478141e+00
3.9874578047581890e+00   -3.4944547813319620e+00
4.1127968505378663e+00   -3.8977228093010039e+00
4.1978967169222150e+00   -4.3052911016861257e+00
4.2452666682843123e+00   -4.7146777240801789e+00
4.2573763996671810e+00   -5.1244435548729532e+00
4.2365797428864074e+00   -5.5346309753016616e+00
4.1850130779622869e+00   -5.9461627862216666e+00
4.1045653149266368e+00   -6.3597039975013594e+00
3.9969880362078096e+00   -6.7749561083874408e+00
3.8640938551662876e+00   -7.1907710394554059e+00
3.7079042624203655e+00   -7.6055160360349277e+00
3.5306927274593356e+00   -8.0173206400236978e+00
3.3349341986160863e+00   -8.4242791370282628e+00
3.1231954156316037e+00   -8.8247769811609711e+00
2.8980024681516512e+00   -9.2177155641077722e+00
2.6617328964432021e+00   -9.6026149734770474e+00
2.4165549393954660e+00   -9.9797450335351776e+00
2.1644206949387730e+00   -1.0349886052058372e+01
1.9071082604670540e+00   -1.0713903154154192e+01
1.6462852490508448e+00   -1.1072293137915995e+01
1.3835792346961255e+00   -1.1424738542235215e+01
1.1205941436484501e+00   -1.1770236780220225e+01
8.5882545192161519e-01   -1.2107820371868021e+01
5.9953839815897947e-01   -1.2437100925786883e+01
3.4370225468605975e-01   -1.2758239783817602e+01
9.2026179817877307e-02   -1.3071487306799954e+01
-1.5503976122274488e-01  -1.3377184304872939e+01
-3.9732085411210105e-01  -1.3675897549330765e+01
-6.3486466865320956e-01  -1.3968274694893843e+01
-8.6785837594226745e-01  -1.4254855929005497e+01
-1.0965366479971317e+00  -1.4535907496030212e+01
-1.3211712343702977e+00  -1.4811521177372484e+01
-1.5421231701979101e+00  -1.5081820642717528e+01
-1.7598797329003399e+00  -1.5347043644787867e+01
-1.9749652735771193e+00  -1.5607314865979827e+01
-2.1878608740103660e+00  -1.5862522656215802e+01
-2.3990879030536680e+00  -1.6112560908574640e+01
-2.6093143568948842e+00  -1.6357549775272048e+01
-2.8194750294572786e+00  -1.6598009892016588e+01
-3.0306527650302861e+00  -1.6834634390220682e+01
-3.2438349136722788e+00  -1.7067951951918271e+01
-3.4599616407525744e+00  -1.7298434455724216e+01
-3.6801156708597533e+00  -1.7526699274964624e+01
-3.9051615754098887e+00  -1.7753077561417506e+01
-4.1354420273301198e+00  -1.7977379224155911e+01
-4.3709411326281948e+00  -1.8199163474982832e+01
-4.6115433230908707e+00  -1.8418031487180144e+01
-4.8577555410139919e+00  -1.8634166890913757e+01
-5.1107345379559632e+00  -1.8848225623760801e+01
-5.3716034476225563e+00  -1.9060820886885253e+01
-5.6414067196763726e+00  -1.9272497939861381e+01
-5.9217956639724205e+00  -1.9484007109743864e+01
-6.2147820996694749e+00  -1.9695987877776677e+01
-6.5207266222058067e+00  -1.9909124527614445e+01
-6.8387021854290584e+00  -2.0123207339349833e+01
-7.1670532797121123e+00  -2.0337396341814085e+01
-7.5040415446065198e+00  -2.0550504286259343e+01
-7.8490804191219858e+00  -2.0761441198257483e+01
-8.2046529206466836e+00  -2.0969723887693100e+01
-8.5737816077508775e+00  -2.1174953106766566e+01
-8.9552543672607534e+00  -2.1376035884455042e+01
-9.3448041688910148e+00  -2.1571495990342548e+01
-9.7386334877626393e+00  -2.1759929628906931e+01
-1.0135254299606602e+01  -2.1940174284612713e+01
-1.0536144507234043e+01  -2.2111519245298773e+01
-1.0943811683566802e+01  -2.2273812890532596e+01
-1.1357500762257308e+01  -2.2427365953270847e+01
-1.1775148175846967e+01  -2.2573283636945341e+01
-1.2196262429343943e+01  -2.2713461383723313e+01
-1.2614422318938598e+01  -2.2849297175751804e+01
-1.3020566154297748e+01  -2.2981496031956173e+01
-1.3423474657383245e+01  -2.3111948985490642e+01
-1.3843266784566840e+01  -2.3243465935247514e+01
-1.4276268033709457e+01  -2.3376361491126968e+01
-1.4702815195535791e+01  -2.3509033853794481e+01
-1.5113373199788072e+01  -2.3640729516145001e+01
-1.5510758966334331e+01  -2.3771789787581746e+01
-1.5908644971113658e+01  -2.3903804692594992e+01
-1.6315084165351571e+01  -2.4037619790170776e+01
-1.6725269205949985e+01  -2.4172250769097616e+01
-1.7131958803296737e+01  -2.4305405332735162e+01
-1.7526648538892495e+01  -2.4434980721666903e+01
-1.7913102316656573e+01  -2.4562099511900076e+01
-1.8303035194996564e+01  -2.4690113040619799e+01
-1.8699716612959232e+01  -2.4820138903660641e+01
-1.9094379090282171e+01  -2.4949902717550803e+01
-1.9483866922989172e+01  -2.5079353591874721e+01
-1.9876336295537968e+01  -2.5213037586490611e+01
-2.0274198814942292e+01  -2.5354242151065733e+01
-2.0678202043337166e+01  -2.5505031411308206e+01
-2.1083078718828947e+01  -2.5663625708993674e+01
-2.1487108532433709e+01  -2.5827594980363276e+01
-2.1894823821105582e+01  -2.5995949210191242e+01
-2.2311515808105469e+01  -2.6168592453002930e+01
