-6.6410545259714127e-03  6.6732126288115978e-03
6.6069444516058695e-01   -2.8911328015463167e-01
1.2675293662350868e+00   -5.9789746163715407e-01
1.8161389786202824e+00   -9.1907882424238485e-01
2.3085224636055739e+00   -1.2510459952240098e+00
2.7465742213027551e+00   -1.5925131247970579e+00
3.1322107055850017e+00   -1.9433341673157036e+00
3.4673608829743934e+00   -2.3041909252032031e+00
3.7538857723761030e+00   -2.6755758352384706e+00
3.9935634306597088e+00   -3.0570201890109550e+00
4.1881974268742779e+00   -3.4472427766704019e+00
4.3396816924568116e+00   -3.8444564032417388e+00
4.4499812105593000e+00   -4.2466279718796072e+00
4.5212936324719344e+00   -4.6518068043757417e+00
4.5558759838651790e+00   -5.0588315367645853e+00
4.5559740929382873e+00   -5.4675374837474013e+00
4.5237312538503485e+00   -5.8782497904063895e+00
4.4611381813664561e+00   -6.2909211315002302e+00
4.3700914164110571e+00   -6.7046820533833209e+00
4.2525263579128696e+00   -7.1181329152278821e+00
4.1105109881131145e+00   -7.5297806756509402e+00
3.9462565492519381e+00   -7.9382207464537515e+00
3.7620672819595922e+00   -8.3421450094113805e+00
3.5602579175389524e+00   -8.7403811552980866e+00
3.3430668936200960e+00   -9.1319732693194116e+00
3.1125975691040297e+00   -9.5163098618303952e+00
2.8707852479281808e+00   -9.8932658465234589e+00
2.6194021412049473e+00   -1.0263095818207892e+01
2.3600900305056589e+00   -1.0626217837353121e+01
2.0944029820525536e+00   -1.0982884173997309e+01
1.8238629206187482e+00   -1.1332739309466202e+01
1.5499800962999508e+00   -1.1674842139059260e+01
1.2741812535039516e+00   -1.2008311639310724e+01
9.9770565069956785e-01   -1.2332832613332659e+01
7.2156754681796054e-01   -1.2648536004597021e+01
4.4660682061072399e-01   -1.2955542384829586e+01
1.7349448426828296e-01   -1.3253987703005263e+01
-9.7298073216867897e-02  -1.3544229994952255e+01
-3.6547253589411532e-01  -1.3826769870732313e+01
-6.3082953873828795e-01  -1.4102032659638279e+01
-8.9319421025299106e-01  -1.4370208312089325e+01
-1.1524332268248265e+00  -1.4631388907513170e+01
-1.4085257962355078e+00  -1.4885781621702360e+01
-1.6615854747826642e+00  -1.5133722376229365e+01
-1.9117762438835157e+00  -1.5375451784524596e+01
-2.1592630422842918e+00  -1.5611044580234662e+01
-2.4042938919376402e+00  -1.5840621511716424e+01
-2.6472770319894887e+00  -1.6064500141769088e+01
-2.8888498291856721e+00  -1.6283286042720018e+01
-3.1297740971988652e+00  -1.6497681823120157e+01
-3.3707680115116343e+00  -1.6708263371882108e+01
-3.6125688432824816e+00  -1.6915590007634616e+01
-3.8560783573984496e+00  -1.7120353967137628e+01
-4.1020814934701910e+00  -1.7323035175362513e+01
-4.3510234444138600e+00  -1.7523726484631069e+01
-4.6031605902545376e+00  -1.7722354211753462e+01
-4.8587643161328629e+00  -1.7918891403390319e+01
-5.1185761682265163e+00  -1.8113688046271118e+01
-5.3837646998135682e+00  -1.8307353407536130e+01
-5.6553902213041969e+00  -1.8500376829897490e+01
-5.9343621182359430e+00  -1.8693134772575462e+01
-6.2220317698913048e+00  -1.8886167396647245e+01
-6.5201721000127977e+00  -1.9080033717086369e+01
-6.8293630491314659e+00  -1.9275664989393086e+01
-7.1492547824749568e+00  -1.9473345169130411e+01
-7.4786809061311796e+00  -1.9672818142427488e+01
-7.8161680619023572e+00  -1.9873520594507387e+01
-8.1610951181042246e+00  -2.0074965923173107e+01
-8.5152861031723184e+00  -2.0277138046871833e+01
-8.8812001925744859e+00  -2.0480098787670954e+01
-9.2581224950836294e+00  -2.0683359072044688e+01
-9.6425882589331291e+00  -2.0886047440654686e+01
-1.0031427119316289e+01  -2.1087311440942969e+01
-1.0423632776703160e+01  -2.1286452922260342e+01
-1.0820285928552098e+01  -2.1482924936207205e+01
-1.1222880630405180e+01  -2.1676313370946033e+01
-1.1630119890484542e+01  -2.1866227859799320e+01
-1.2039894603382978e+01  -2.2052625859159086e+01
-1.2452992032157663e+01  -2.2236044331931168e+01
-1.2865561363700255e+01  -2.2416568646775364e+01
-1.3269590664681354e+01  -2.2593616421894527e+01
-1.3670773374882025e+01  -2.2767677444848857e+01
-1.4083573877233466e+01  -2.2940150534170243e+01
-1.4503964929308822e+01  -2.3110695840759231e+01
-1.4917779466127527e+01  -2.3277972633625414e+01
-1.5320171872464158e+01  -2.3441770761605511e+01
-1.5713881582148540e+01  -2.3602771161368672e+01
-1.6106864508848645e+01  -2.3762342604963766e+01
-1.6502886122482003e+01  -2.3921291073892700e+01
-1.6898725517175876e+01  -2.4079402229745199e+01
-1.7290897688031844e+01  -2.4235441639116388e+01
-1.7673932212178933e+01  -2.4387930722429843e+01
-1.8049874830046161e+01  -2.4537222917356619e+01
-1.8428169067028730e+01  -2.4685619088822314e+01
-1.8811045214796390e+01  -2.4833507271809445e+01
-1.9191948794337957e+01  -2.4978776876410056e+01
-1.9569058053627295e+01  -2.5121089717820766e+01
-1.9949817497663517e+01  -2.5263771629611949e+01
-2.0335758611275605e+01  -2.5408752744480040e+01
-2.0727190862459480e+01  -2.5557285849708475e+01
-2.1119942284273893e+01  -2.5708147279199363e+01
-2.1512658897881707e+01  -2.5860104545716670e+01
-2.1908587010421378e+01  -2.6013277710938922e+01
-2.2311515808105469e+01  -2.6168592453002930e+01
