-6.6410545259714127e-03  6.6732126288115978e-03
6.6145392754431498e-01   -3.1711968479292207e-01
1.2576380946439003e+00   -6.5539245961536452e-01
1.7825009781320011e+00   -1.0081914338672475e+00
2.2366520174004347e+00   -1.3753943227415193e+00
2.6193104368941857e+00   -1.7569751845333097e+00
2.9310490825839031e+00   -2.1524763158104241e+00
3.1729673435456824e+00   -2.5611931596621265e+00
3.3452666069555708e+00   -2.9824333168373247e+00
3.4492094687151287e+00   -3.4151563809751044e+00
3.4871247340031841e+00   -3.8580524425887521e+00
3.4612112716194092e+00   -4.3097381877761931e+00
3.3745632151064187e+00   -4.7686469632903394e+00
3.2317583484295760e+00   -5.2328445902336576e+00
3.0384645134519710e+00   -5.7003900274581545e+00
2.8011459975021911e+00   -6.1693468453244353e+00
2.5273782236455755e+00   -6.6378549149991706e+00
2.2265748306889663e+00   -7.1040423162069182e+00
1.9088883777185823e+00   -7.5663364840111438e+00
1.5844822378395511e+00   -8.0234028360538403e+00
1.2650051693884823e+00   -8.4742492334855655e+00
9.6229517568435674e-01   -8.9182241033873453e+00
6.8638759231382496e-01   -9.3552838102708318e+00
4.4671947349674634e-01   -9.7856411972502197e+00
2.5209679464777546e-01   -1.0210027906036254e+01
1.0782872068484028e-01   -1.0629430983952206e+01
1.6028296596088287e-02   -1.1045067194256003e+01
-2.2825150855904974e-02  -1.1458150557921561e+01
-1.1611210033892094e-02  -1.1869887168426882e+01
4.2198611553896592e-02   -1.2281112139829066e+01
1.2869925341675237e-01   -1.2692039148009140e+01
2.3681204744130824e-01   -1.3102605064684107e+01
3.5290009457984883e-01   -1.3511681447507746e+01
4.6152950562281614e-01   -1.3917409637315661e+01
5.4893502393692950e-01   -1.4317235567146612e+01
6.0380112209673931e-01   -1.4708188652243679e+01
6.1613155528173358e-01   -1.5087183389345595e+01
5.7894036862294629e-01   -1.5450910280882889e+01
4.9043233384112561e-01   -1.5796788317177779e+01
3.5357643332525346e-01   -1.6123275516617650e+01
1.7453281907058682e-01   -1.6429320086057068e+01
-3.7830273629254618e-02  -1.6714750354370622e+01
-2.7169668823570625e-01  -1.6981322502859282e+01
-5.1385458784647642e-01  -1.7234265398385126e+01
-7.5358772202148572e-01  -1.7483039539251006e+01
-9.8522028095845582e-01  -1.7739675337566510e+01
-1.2064478965114624e+00  -1.8015608529824792e+01
-1.4151972280458547e+00  -1.8316722322135604e+01
-1.6088875875360444e+00  -1.8638667054682909e+01
-1.7856016790813423e+00  -1.8967784729347269e+01
-1.9453433164966805e+00  -1.9288162325319913e+01
-2.0912163733613696e+00  -1.9588277538152195e+01
-2.2299583265184753e+00  -1.9862072497792536e+01
-2.3725906172723765e+00  -2.0108159477272913e+01
-2.5341197042462422e+00  -2.0329656503056057e+01
-2.7294564846389218e+00  -2.0533214368766401e+01
-2.9690664961846660e+00  -2.0727689358903319e+01
-3.2555609933607936e+00  -2.0919506961638245e+01
-3.5817165828911892e+00  -2.1108170658741574e+01
-3.9326662008230868e+00  -2.1289894947802154e+01
-4.2887036251939508e+00  -2.1463685500419700e+01
-4.6305322028594444e+00  -2.1631811012369901e+01
-4.9482436584882921e+00  -2.1797157106330449e+01
-5.2462587963162193e+00  -2.1963702861707539e+01
-5.5417409375080684e+00  -2.2136907228532877e+01
-5.8547701214098051e+00  -2.2320588487638517e+01
-6.2000343720219862e+00  -2.2508499365717103e+01
-6.5799535270321421e+00  -2.2684165029866374e+01
-6.9821258935165575e+00  -2.2835309080731086e+01
-7.3887603861131526e+00  -2.2961726013546809e+01
-7.7921205672309988e+00  -2.3069338277414637e+01
-8.1951165210714958e+00  -2.3168551783151081e+01
-8.6037556868211720e+00  -2.3276275308666911e+01
-9.0242419600146224e+00  -2.3400109055673656e+01
-9.4555106285261576e+00  -2.3520159749182135e+01
-9.8946492361142564e+00  -2.3606486678603275e+01
-1.0342127532276839e+01  -2.3644824678246433e+01
-1.0798175297867688e+01  -2.3633927429097746e+01
-1.1259923945056681e+01  -2.3585456594370896e+01
-1.1726045725348815e+01  -2.3528555879937290e+01
-1.2193978477295795e+01  -2.3482540424541927e+01
-1.2664744722690862e+01  -2.3428836244973979e+01
-1.3139042794126471e+01  -2.3341864501493546e+01
-1.3616915611948897e+01  -2.3226840974731399e+01
-1.4096079846834314e+01  -2.3109502250934984e+01
-1.4572058597889878e+01  -2.3016617863770733e+01
-1.5042049855120647e+01  -2.2972843287757222e+01
-1.5501065906744456e+01  -2.2980524453489767e+01
-1.5953519648330392e+01  -2.3021629532907593e+01
-1.6410886176012241e+01  -2.3102485320527364e+01
-1.6849503478170089e+01  -2.3250806762865167e+01
-1.7266992824857461e+01  -2.3478872270777316e+01
-1.7667501377859576e+01  -2.3750913317480215e+01
-1.8064403708103864e+01  -2.4029543253594348e+01
-1.8458001300955143e+01  -2.4310726376576291e+01
-1.8849414013835638e+01  -2.4603054706533957e+01
-1.9239974372520727e+01  -2.4896752855256679e+01
-1.9634125668935795e+01  -2.5172228431980113e+01
-2.0045239135338715e+01  -2.5415801112934020e+01
-2.0471207867426216e+01  -2.5618042056220926e+01
-2.0907821036028654e+01  -2.5787114850457908e+01
-2.1355688158517083e+01  -2.5938327058915522e+01
-2.1822059662856681e+01  -2.6066904725099079e+01
-2.2311515808105469e+01  -2.6168592453002930e+01
