-6.6410545259714127e-03  6.6732126288115978e-03
6.6018095114584696e-01   -2.8657416699068361e-01
1.2655160405438637e+00   -5.9204281030525252e-01
1.8107085186440861e+00   -9.1002949806097311e-01
2.2972221382118971e+00   -1.2406267456894029e+00
2.7266541106002404e+00   -1.5835123167964933e+00
3.1007551887698162e+00   -1.9379659643909752e+00
3.4214171459443641e+00   -2.3029572282656421e+00
3.6906545425939985e+00   -2.6774210758314272e+00
3.9105391672777507e+00   -3.0603254453776847e+00
4.0831203985997417e+00   -3.4505310457133707e+00
4.2104588225837647e+00   -3.8470420527320952e+00
4.2947201708254132e+00   -4.2494302246490774e+00
4.3384039325360213e+00   -4.6575119821597077e+00
4.3441812664579524e+00   -5.0709650158829325e+00
4.3148346810120177e+00   -5.4886854501322890e+00
4.2532499058126287e+00   -5.9088642856837943e+00
4.1624099537510997e+00   -6.3295789755668501e+00
4.0453221579119116e+00   -6.7491275084576312e+00
3.9048975260494663e+00   -7.1658104321651379e+00
3.7438985537259075e+00   -7.5781941609395602e+00
3.5649196218379977e+00   -7.9854092966875925e+00
3.3703856108170140e+00   -8.3872028426061132e+00
3.1625577269948240e+00   -8.7837081292131867e+00
2.9435463772245272e+00   -9.1754526225088799e+00
2.7152941070755263e+00   -9.5631271049296078e+00
2.4795460816684152e+00   -9.9468647868959259e+00
2.2378432460938633e+00   -1.0325721554206046e+01
1.9915280473971382e+00   -1.0697868133802782e+01
1.7417259944045436e+00   -1.1061519240744975e+01
1.4893201693064924e+00   -1.1415789173043091e+01
1.2349519503906414e+00   -1.1760999133163645e+01
9.7911754925170857e-01   -1.2098064790250666e+01
7.2227573133749967e-01   -1.2427973785741717e+01
4.6493047276467303e-01   -1.2751428284221960e+01
2.0769686081763317e-01   -1.3068536221232479e+01
-4.8661742366696292e-02  -1.3378671023527572e+01
-3.0327986423630759e-01  -1.3680739949881607e+01
-5.5541179637690341e-01  -1.3974060875390059e+01
-8.0465849820331481e-01  -1.4258969483960026e+01
-1.0509677049734500e+00  -1.4536514450127960e+01
-1.2943582041273778e+00  -1.4807502691826372e+01
-1.5345908120283545e+00  -1.5071787571676420e+01
-1.7712307222420758e+00  -1.5328778516652186e+01
-2.0042424790443434e+00  -1.5578937273416198e+01
-2.2343442714941917e+00  -1.5824239427341595e+01
-2.4625899763416319e+00  -1.6066965381879388e+01
-2.6895295725778676e+00  -1.6308079529433883e+01
-2.9146989331132844e+00  -1.6546624489337145e+01
-3.1371836698001836e+00  -1.6780905809745828e+01
-3.3567482838047251e+00  -1.7010122393068936e+01
-3.5742006181848254e+00  -1.7234628398747898e+01
-3.7911488720774047e+00  -1.7455458790250116e+01
-4.0098232785196295e+00  -1.7674060160675928e+01
-4.2328679649827077e+00  -1.7892029425953396e+01
-4.4626879397265835e+00  -1.8110505022948836e+01
-4.7008201137097672e+00  -1.8329733941270263e+01
-4.9475032083266139e+00  -1.8548926884466919e+01
-5.2019371546475526e+00  -1.8766647607479673e+01
-5.4635340754454322e+00  -1.8981706747805205e+01
-5.7324189591325494e+00  -1.9193381297386253e+01
-6.0091664172606896e+00  -1.9401225973707945e+01
-6.2949372338705247e+00  -1.9605150756766850e+01
-6.5907760273037681e+00  -1.9806190077703327e+01
-6.8985239103207210e+00  -2.0005668559375849e+01
-7.2197247122072294e+00  -2.0204739350332304e+01
-7.5544935385487806e+00  -2.0403995644718339e+01
-7.9009759183514170e+00  -2.0603311493141330e+01
-8.2556693705749673e+00  -2.0801952402058951e+01
-8.6159214955606309e+00  -2.0999168258136137e+01
-8.9822856697128408e+00  -2.1194679946139651e+01
-9.3567272436133049e+00  -2.1388442943877628e+01
-9.7398526411668751e+00  -2.1580332727966990e+01
-1.0130689179863255e+01  -2.1770098033582745e+01
-1.0528153312509007e+01  -2.1957327334078222e+01
-1.0930576114566557e+01  -2.2141130924704655e+01
-1.1336176723751754e+01  -2.2320129091088230e+01
-1.1745226286541852e+01  -2.2492880189794157e+01
-1.2158398221122507e+01  -2.2658106192492539e+01
-1.2576359031203612e+01  -2.2815042982445835e+01
-1.2999943185624042e+01  -2.2963618095592953e+01
-1.3427806603756231e+01  -2.3104095715913616e+01
-1.3855899512189826e+01  -2.3236747657316300e+01
-1.4282185582842757e+01  -2.3362205030364944e+01
-1.4706653257822168e+01  -2.3481606657291795e+01
-1.5131185928669908e+01  -2.3596924751397381e+01
-1.5557846874125469e+01  -2.3711022375396077e+01
-1.5983445224028086e+01  -2.3826733502714621e+01
-1.6404356664436044e+01  -2.3947039326761352e+01
-1.6818959601305210e+01  -2.4074797174889852e+01
-1.7226288518071822e+01  -2.4210504009416681e+01
-1.7632931011502968e+01  -2.4355372758104892e+01
-1.8039343166151507e+01  -2.4508626516142019e+01
-1.8437563116673200e+01  -2.4666810723954150e+01
-1.8822526499891605e+01  -2.4826773377461301e+01
-1.9204206847163885e+01  -2.4989372674902487e+01
-1.9592260234489721e+01  -2.5155129215196254e+01
-1.9978816349439640e+01  -2.5318619108478526e+01
-2.0357916757180146e+01  -2.5474814956470397e+01
-2.0730024467272102e+01  -2.5621445481437600e+01
-2.1112693882632048e+01  -2.5763511649545432e+01
-2.1517357889657220e+01  -2.5905568584565547e+01
-2.1933388503112418e+01  -2.6045624436402790e+01
-2.2311515808105469e+01  -2.6168592453002930e+01
