-6.6410545259714127e-03  6.6732126288115978e-03
6.5876295664664042e-01   -2.9048649666445070e-01
1.2599319197934364e+00   -6.0139649270404860e-01
1.7998405653436100e+00   -9.2520898314359945e-01
2.2811269767739089e+00   -1.2600291006450761e+00
2.7062466723220422e+00   -1.6043904827568052e+00
3.0775918701357829e+00   -1.9581320336601555e+00
3.3974832584626746e+00   -2.3220451389178027e+00
3.6681068207312055e+00   -2.6967487163648745e+00
3.8915178946184490e+00   -3.0817878262637626e+00
4.0697842169591167e+00   -3.4757782619380411e+00
4.2050550654884278e+00   -3.8766998338562102e+00
4.2995312193331037e+00   -4.2821721885124502e+00
4.3556218070629988e+00   -4.6899318425227143e+00
4.3757421642851009e+00   -5.0986697316116922e+00
4.3622377781647277e+00   -5.5083630295352126e+00
4.3172817451833563e+00   -5.9197029731036857e+00
4.2428366467137462e+00   -6.3330631650771956e+00
4.1407415648027808e+00   -6.7478931558689776e+00
4.0128839762447788e+00   -7.1629109344177166e+00
3.8613266180722210e+00   -7.5765113728059390e+00
3.6883365224727633e+00   -7.9870009195170297e+00
3.4963349935989965e+00   -8.3927245274911382e+00
3.2877962647832151e+00   -8.7922632434824433e+00
3.0651335344739778e+00   -9.1845918026922906e+00
2.8306115709503432e+00   -9.5691915795122799e+00
2.5862976428332711e+00   -9.9461848767129730e+00
2.3340613552247227e+00   -1.0316145829604300e+01
2.0756142867350595e+00   -1.0679764772673021e+01
1.8125659955108058e+00   -1.1037445341952708e+01
1.5464904411799665e+00   -1.1388848827278931e+01
1.2789449317053005e+00   -1.1732976635271266e+01
1.0113895565680595e+00   -1.2068879971982843e+01
7.4506988860411649e-01   -1.2396203079564959e+01
4.8096370497673968e-01   -1.2715104498440100e+01
2.1982592919226696e-01   -1.3025781809535092e+01
-3.7808451808834964e-02  -1.3328488680998275e+01
-2.9164813701767967e-01  -1.3623711298644119e+01
-5.4160378436823642e-01  -1.3912051660035139e+01
-7.8770610276416686e-01  -1.4194015560734623e+01
-1.0300176260092166e+00  -1.4469840754086853e+01
-1.2686358196745580e+00  -1.4739617710194139e+01
-1.5037561371931494e+00  -1.5003506457575011e+01
-1.7357034929329938e+00  -1.5261789512040217e+01
-1.9648448817314161e+00  -1.5514640789422668e+01
-2.1915211952460227e+00  -1.5762025410427228e+01
-2.4161351890872984e+00  -1.6003936450261651e+01
-2.6392461405710317e+00  -1.6240588117271102e+01
-2.8616691574937776e+00  -1.6472554393321214e+01
-3.0843589341587041e+00  -1.6700552192077676e+01
-3.3081960091007456e+00  -1.6925147865709928e+01
-3.5340421079766955e+00  -1.7146866162152744e+01
-3.7629139134287231e+00  -1.7366374522633844e+01
-3.9956514397592540e+00  -1.7584078366318629e+01
-4.2326440899369313e+00  -1.7799906871174343e+01
-4.4739918413989468e+00  -1.8013566293662642e+01
-4.7197431579144791e+00  -1.8224800560189635e+01
-4.9705127469771266e+00  -1.8433848792845520e+01
-5.2274801291195985e+00  -1.8641331345234494e+01
-5.4917635504667945e+00  -1.8847789177691070e+01
-5.7643746781266900e+00  -1.9053672063148582e+01
-6.0468704081969689e+00  -1.9259615887743742e+01
-6.3411986636572069e+00  -1.9466196117332036e+01
-6.6478287588177452e+00  -1.9674153987806172e+01
-6.9660619333157161e+00  -1.9883425065580454e+01
-7.2944121931337431e+00  -2.0093344646944090e+01
-7.6312205712102186e+00  -2.0302920859724214e+01
-7.9758811946499399e+00  -2.0511264174325145e+01
-8.3306334170532388e+00  -2.0718056455206089e+01
-8.6983069163598863e+00  -2.0923082485770806e+01
-9.0778887781189077e+00  -2.1125508100226718e+01
-9.4653830539694450e+00  -2.1324132244176319e+01
-9.8571963053361866e+00  -2.1517822923002925e+01
-1.0252020633186619e+01  -2.1705663624441204e+01
-1.0651172769372410e+01  -2.1887059537561804e+01
-1.1056779770763152e+01  -2.2061785042765720e+01
-1.1467887610707015e+01  -2.2229871506039554e+01
-1.1882371090542707e+01  -2.2391933167356108e+01
-1.2300236056434397e+01  -2.2549272998713548e+01
-1.2716094849112853e+01  -2.2702706704484104e+01
-1.3121292639550129e+01  -2.2852366264538265e+01
-1.3523458111133856e+01  -2.2999545354280315e+01
-1.3940511404890021e+01  -2.3146471892850968e+01
-1.4368526606287887e+01  -2.3293189885063125e+01
-1.4789948483919275e+01  -2.3438222939754869e+01
-1.5197159210530259e+01  -2.3581096499558697e+01
-1.5593068689234721e+01  -2.3722377537062947e+01
-1.5989136633139109e+01  -2.3863653096525656e+01
-1.6391621536033334e+01  -2.4005800685022461e+01
-1.6796170242212497e+01  -2.4148141167123129e+01
-1.7197063168645553e+01  -2.4288814737489801e+01
-1.7587018626516091e+01  -2.4425961346819491e+01
-1.7969158458509906e+01  -2.4560393865385183e+01
-1.8354415114048688e+01  -2.4695070239716479e+01
-1.8745653793478336e+01  -2.4830834122700558e+01
-1.9134850167247503e+01  -2.4965468828161764e+01
-1.9519282810821814e+01  -2.5098823806718471e+01
-1.9906951506071110e+01  -2.5235047674457530e+01
-2.0300031348778656e+01  -2.5376967494769957e+01
-2.0699042926592170e+01  -2.5526331488746560e+01
-2.1098909474062712e+01  -2.5681498280938865e+01
-2.1497994486336907e+01  -2.5840467914704707e+01
-2.1900568516769034e+01  -2.6002731265092365e+01
-2.2311515808105469e+01  -2.6168592453002930e+01
