-6.6410545259714127e-03  6.6732126288115978e-03
6.6283407309408915e-01   -2.8443062750236803e-01
1.2766979911130165e+00   -5.8657351790298506e-01
1.8362114387948429e+00   -8.9991348715666097e-01
2.3427000053383620e+00   -1.2244899206047166e+00
2.7975423914687707e+00   -1.5600830124351499e+00
3.2021734455294597e+00   -1.9062244942924798e+00
3.5580836822755408e+00   -2.2622740779741992e+00
3.8668148781347700e+00   -2.6275580353841921e+00
4.1299264601396892e+00   -3.0013743059276115e+00
4.3489523459264019e+00   -3.3828621905230936e+00
4.5254178718086182e+00   -3.7711456107956023e+00
4.6608946302828107e+00   -4.1656331870476064e+00
4.7571754378918563e+00   -4.5657431809473970e+00
4.8161353737424983e+00   -4.9707843303627604e+00
4.8396936325806212e+00   -5.3796034665660049e+00
4.8298232776998358e+00   -5.7907195946933463e+00
4.7885724827427989e+00   -6.2027753986205916e+00
4.7180399675890357e+00   -6.6147112858853045e+00
4.6203101427792026e+00   -7.0255016944103161e+00
4.4974199961392376e+00   -7.4340779678834537e+00
4.3513499807247165e+00   -7.8394174050650491e+00
4.1840347883682831e+00   -8.2406048313508489e+00
3.9973757325566526e+00   -8.6368818321684326e+00
3.7932533846326693e+00   -9.0278599587439263e+00
3.5735175453384658e+00   -9.4135300263678250e+00
3.3399596329989816e+00   -9.7938453586427521e+00
3.0943003603135288e+00   -1.0168246440337333e+01
2.8381875885272043e+00   -1.0535578961391817e+01
2.5731753838622460e+00   -1.0894568806298640e+01
2.3006828530795334e+00   -1.1244417206442673e+01
2.0219657940462277e+00   -1.1585052569681361e+01
1.7381441660634609e+00   -1.1916809509279139e+01
1.4502526346568585e+00   -1.2240071156366259e+01
1.1592721323105715e+00   -1.2555095591121985e+01
8.6615991422291805e-01   -1.2861848890032833e+01
5.7189184054002673e-01   -1.3159834417978713e+01
2.7744756396155312e-01   -1.3448263357817703e+01
-1.6338448331554289e-02  -1.3726706665966994e+01
-3.0893930379108336e-01  -1.3995559511769169e+01
-6.0011447640441928e-01  -1.4255746711308838e+01
-8.8965780568224839e-01  -1.4507870500168352e+01
-1.1771357968458593e+00  -1.4751650428541350e+01
-1.4619717844063824e+00  -1.4986412834527094e+01
-1.7439070336402906e+00  -1.5212254267129577e+01
-2.0232814825308738e+00  -1.5430438691867963e+01
-2.3007521601032286e+00  -1.5642583768148004e+01
-2.5766865359262563e+00  -1.5849512386947310e+01
-2.8508254036790803e+00  -1.6050878353625475e+01
-3.1226406133121465e+00  -1.6245941009864847e+01
-3.3920440086734995e+00  -1.6434592221674588e+01
-3.6595973848474230e+00  -1.6617486198277927e+01
-3.9262892910837524e+00  -1.6795645863004022e+01
-4.1933188000650397e+00  -1.6970186764756129e+01
-4.4619460194108083e+00  -1.7142163774822720e+01
-4.7332377138965054e+00  -1.7312360563224409e+01
-5.0078896537335709e+00  -1.7481195661736876e+01
-5.2861586801283718e+00  -1.7648745352560791e+01
-5.5681020773617860e+00  -1.7814973265324216e+01
-5.8542227332060524e+00  -1.7980137238298980e+01
-6.1455473351396295e+00  -1.8144750821388328e+01
-6.4431468821959923e+00  -1.8309290875536711e+01
-6.7479061889105028e+00  -1.8474125919272954e+01
-7.0599440942822227e+00  -1.8640444461744160e+01
-7.3799269035229305e+00  -1.8809534439149942e+01
-7.7088339899324492e+00  -1.8982605594648405e+01
-8.0470838467381718e+00  -1.9160477977663209e+01
-8.3939842935192637e+00  -1.9343456416470683e+01
-8.7478701028061074e+00  -1.9531417779575996e+01
-9.1074317675866929e+00  -1.9724135581379755e+01
-9.4730332407043569e+00  -1.9921532467439967e+01
-9.8457912218084953e+00  -2.0123530487603595e+01
-1.0225635264457891e+01  -2.0329809041557994e+01
-1.0611282026733678e+01  -2.0539835396444378e+01
-1.1002078426186985e+01  -2.0753041235597998e+01
-1.1397210864932768e+01  -2.0968640789869411e+01
-1.1795400947842330e+01  -2.1185601407830173e+01
-1.2196755431782636e+01  -2.1402931163090322e+01
-1.2601154635535959e+01  -2.1619660660170609e+01
-1.3008125660422667e+01  -2.1834969858275532e+01
-1.3417886067208210e+01  -2.2048340078072048e+01
-1.3829271662082952e+01  -2.2259293872747264e+01
-1.4239955245870551e+01  -2.2467311595934007e+01
-1.4648965387072494e+01  -2.2672055246276809e+01
-1.5055682918047083e+01  -2.2873322303081896e+01
-1.5460387984600999e+01  -2.3071238725777874e+01
-1.5863345235712993e+01  -2.3266245125106160e+01
-1.6262755927305676e+01  -2.3458750638334738e+01
-1.6657905405776681e+01  -2.3649466356371033e+01
-1.7048266656778537e+01  -2.3839118382890035e+01
-1.7433124860883407e+01  -2.4027045800378900e+01
-1.7816141742055642e+01  -2.4213423581316562e+01
-1.8199421453276141e+01  -2.4398113305845389e+01
-1.8578952248219220e+01  -2.4579438420945117e+01
-1.8951327368879642e+01  -2.4755856009526120e+01
-1.9321895264598577e+01  -2.4928425495108176e+01
-1.9695966117515844e+01  -2.5098353406861904e+01
-2.0068290789060612e+01  -2.5263513660709361e+01
-2.0438057109429291e+01  -2.5423190419956114e+01
-2.0806474815172493e+01  -2.5577592198509134e+01
-2.1178343868899137e+01  -2.5728603593286277e+01
-2.1555614058022698e+01  -2.5877592786912349e+01
-2.1941446097411735e+01  -2.6026737870240680e+01
-2.2311515808105469e+01  -2.6168592453002930e+01
