-6.6410545259714127e-03  6.6732126288115978e-03
6.6180148222800028e-01   -2.8490227160589510e-01
1.2725188710492348e+00   -5.8794610856403395e-01
1.8268591124017155e+00   -9.0265720816496176e-01
2.3262515075661452e+00   -1.2290820710544694e+00
2.7722027880446984e+00   -1.5669517026874540e+00
3.1663028934664714e+00   -1.9156997254631341e+00
3.5102211525209022e+00   -2.2745465551241626e+00
3.8056953217077680e+00   -2.6426859922514101e+00
4.0544846228288982e+00   -3.0193104164241324e+00
4.2583113241978863e+00   -3.4034683506869730e+00
4.4188805297370850e+00   -3.7942402052742095e+00
4.5379474142488752e+00   -4.1910837743202505e+00
4.6175088805798445e+00   -4.5935478536654450e+00
4.6596583992551937e+00   -5.0010640859551065e+00
4.6665433316010070e+00   -5.4125034423426772e+00
4.6403727753042059e+00   -5.8262989184619620e+00
4.5834335610051280e+00   -6.2409478820648054e+00
4.4980520983263403e+00   -6.6552271855435077e+00
4.3865123541592075e+00   -7.0679197570972363e+00
4.2510189245907757e+00   -7.4778218762887576e+00
4.0936907838710788e+00   -7.8839075636229410e+00
3.9165727732163060e+00   -8.2854103580842473e+00
3.7216544209874387e+00   -8.6818096676329102e+00
3.5108854399152620e+00   -9.0729931918142999e+00
3.2861649833877822e+00   -9.4591880187308011e+00
3.0493130799594308e+00   -9.8404355080453705e+00
2.8020556875382603e+00   -1.0216085903094443e+01
2.5460219515109079e+00   -1.0584782357235323e+01
2.2827177775466332e+00   -1.0945069974072840e+01
2.0134847267634628e+00   -1.1296094433462937e+01
1.7394724411562130e+00   -1.1637900193506434e+01
1.4616828032247158e+00   -1.1971023986818201e+01
1.1810364846114636e+00   -1.2296063640458971e+01
8.9841916212767581e-01   -1.2613440432125403e+01
6.1471962013598491e-01   -1.2923192202296322e+01
3.3087104185686023e-01   -1.3224800798574874e+01
4.7828388765859153e-02   -1.3517384003340775e+01
-2.3360465030451572e-01  -1.3800429624531752e+01
-5.1296200934604552e-01  -1.4074324248421544e+01
-7.9010022851013217e-01  -1.4340056825692535e+01
-1.0649300320158666e+00  -1.4598312025150804e+01
-1.3371212199339331e+00  -1.4848839139707732e+01
-1.6061783083016461e+00  -1.5090958904625971e+01
-1.8719533078254713e+00  -1.5324863415155090e+01
-2.1349534071219383e+00  -1.5552043611301556e+01
-2.3960051508258848e+00  -1.5774328868169366e+01
-2.6555618391946889e+00  -1.5992573905616439e+01
-2.9133130059129670e+00  -1.6206220455676256e+01
-3.1686198747104619e+00  -1.6414224114761392e+01
-3.4213637718570933e+00  -1.6616281484064725e+01
-3.6722018598687853e+00  -1.6812989790769077e+01
-3.9223289200662963e+00  -1.7005415946431452e+01
-4.1732685128183356e+00  -1.7194813544312403e+01
-4.4266934483048512e+00  -1.7382425091122158e+01
-4.6840395632617398e+00  -1.7569140353149031e+01
-4.9461998000653580e+00  -1.7755311701012999e+01
-5.2133768789046169e+00  -1.7940749818617615e+01
-5.4853562868802186e+00  -1.8125017196331601e+01
-5.7623369280760475e+00  -1.8307975301539031e+01
-6.0451228070176812e+00  -1.8489811050689781e+01
-6.3347021914916466e+00  -1.8670766939265043e+01
-6.6320929336004442e+00  -1.8851095137527043e+01
-6.9376797090588340e+00  -1.9031914297979206e+01
-7.2524516418346980e+00  -1.9214479335847940e+01
-7.5775726412080839e+00  -1.9399934309972807e+01
-7.9133832375310194e+00  -1.9588961702257325e+01
-8.2588240857708506e+00  -1.9781644075257457e+01
-8.6116553696823281e+00  -1.9977573327671699e+01
-8.9701369982995836e+00  -2.0176263693695887e+01
-9.3346758398101919e+00  -2.0377483562067347e+01
-9.7067261945715568e+00  -2.0581095467395237e+01
-1.0086508248390386e+01  -2.0786776544390406e+01
-1.0472769892181676e+01  -2.0994006606971798e+01
-1.0864696872537083e+01  -2.1202208118381172e+01
-1.1261156587512724e+01  -2.1410517514231785e+01
-1.1660626501354903e+01  -2.1617765719239170e+01
-1.2063395284306440e+01  -2.1822838092225645e+01
-1.2469677994834665e+01  -2.2024703129672105e+01
-1.2879328606131896e+01  -2.2222597251282810e+01
-1.3292766381081501e+01  -2.2416193302349544e+01
-1.3708642351475042e+01  -2.2605285901460491e+01
-1.4124072372335394e+01  -2.2789649640577409e+01
-1.4537817506518294e+01  -2.2969296457214309e+01
-1.4949433824037683e+01  -2.3144462282444383e+01
-1.5359751263943650e+01  -2.3315847604867230e+01
-1.5769579976923930e+01  -2.3484596131614033e+01
-1.6176692065458752e+01  -2.3651773962347495e+01
-1.6579499787109079e+01  -2.3818658193681824e+01
-1.6976944454096042e+01  -2.3986437342126180e+01
-1.7368515810132674e+01  -2.4154770805528742e+01
-1.7758966582601296e+01  -2.4324156851961703e+01
-1.8150006341734393e+01  -2.4494292552747854e+01
-1.8536071951512067e+01  -2.4662921401673266e+01
-1.8913056656980839e+01  -2.4828069659275876e+01
-1.9287753962489813e+01  -2.4990926925619650e+01
-1.9666963212623877e+01  -2.5152783653215053e+01
-2.0044375259809513e+01  -2.5310705280582408e+01
-2.0417475864006928e+01  -2.5462897842212584e+01
-2.0787122140688240e+01  -2.5609008137840188e+01
-2.1161888456988127e+01  -2.5751970282968283e+01
-2.1546536032204827e+01  -2.5894108995561030e+01
-2.1940468581237418e+01  -2.6036360920930377e+01
-2.2311515808105469e+01  -2.6168592453002930e+01
