-6.6410545259714127e-03  6.6732126288115978e-03
6.6306331255789530e-01   -2.8691254255907350e-01
1.2771228530209755e+00   -5.9246640561451003e-01
1.8371058660943425e+00   -9.0971451731565756e-01
2.3443889625527174e+00   -1.2374667458419908e+00
2.8003228289382531e+00   -1.5746735440227506e+00
3.2063543537325847e+00   -1.9211325398227990e+00
3.5640133907563758e+00   -2.2772879515513171e+00
3.8748154903936811e+00   -2.6434236593351503e+00
4.1402158907579754e+00   -3.0190773622630607e+00
4.3616705466099956e+00   -3.4031736653232034e+00
4.5406931117530762e+00   -3.7943371224266143e+00
4.6788556555208478e+00   -4.1910931322494802e+00
4.7779481334332381e+00   -4.5919244019556977e+00
4.8398575455259456e+00   -4.9958057641930216e+00
4.8665252594727111e+00   -5.4022960873202468e+00
4.8598778469442205e+00   -5.8111731669666007e+00
4.8217748924870616e+00   -6.2218399442520003e+00
4.7540340204759985e+00   -6.6331002724728290e+00
4.6585093291042758e+00   -7.0435383579425732e+00
4.5371410082547161e+00   -7.4519283072961429e+00
4.3919455121883395e+00   -7.8572928380331888e+00
4.2249743578415497e+00   -8.2587475315461614e+00
4.0382635651982541e+00   -8.6553803124884094e+00
3.8337902651258333e+00   -9.0462661710737908e+00
3.6134464584549209e+00   -9.4306114062582669e+00
3.3790218945804025e+00   -9.8079153926698517e+00
3.1322054573212803e+00   -1.0177984527991446e+01
2.8745979202532785e+00   -1.0540841336269747e+01
2.6077305806243309e+00   -1.0896478837140467e+01
2.3330995543963668e+00   -1.1244501308596451e+01
2.0521791500642941e+00   -1.1584108849340632e+01
1.7663705416432949e+00   -1.1914580057145960e+01
1.4769278589610577e+00   -1.2235655286653429e+01
1.1849416474434755e+00   -1.2547396995598151e+01
8.9138650724049617e-01   -1.2849817394461697e+01
5.9712950512037188e-01   -1.3142892453352401e+01
3.0289850886206582e-01   -1.3426754783331925e+01
9.2867805502816481e-03   -1.3701676112626082e+01
-2.8319915715412047e-01  -1.3967901228058690e+01
-5.7409257861160312e-01  -1.4225535143430115e+01
-8.6299128365618638e-01  -1.4474663798889665e+01
-1.1496214583525122e+00  -1.4715528702505278e+01
-1.4338448293740338e+00  -1.4948500108124811e+01
-1.7155877940238966e+00  -1.5173886757287658e+01
-1.9948044098151148e+00  -1.5391883785022870e+01
-2.2715350361179381e+00  -1.5602722446698724e+01
-2.5459627257303334e+00  -1.5806778956084884e+01
-2.8184529290086702e+00  -1.6004621215373216e+01
-3.0894675290531133e+00  -1.6196860876426737e+01
-3.3594679245365366e+00  -1.6384031270441678e+01
-3.6289713262689318e+00  -1.6566681940885044e+01
-3.8986534783243529e+00  -1.6745482474751764e+01
-4.1691603222818365e+00  -1.6920990879097864e+01
-4.4409546940323903e+00  -1.7093530318592556e+01
-4.7144179049365444e+00  -1.7263338127082442e+01
-4.9900239959271744e+00  -1.7430733415795714e+01
-5.2686082116835475e+00  -1.7596300298506531e+01
-5.5512666262356873e+00  -1.7760751754437070e+01
-5.8389181677763649e+00  -1.7924638280665008e+01
-6.1322435784257623e+00  -1.8088359582222068e+01
-6.4322082377868126e+00  -1.8252441991907865e+01
-6.7402381705694383e+00  -1.8417534050872380e+01
-7.0569919954357871e+00  -1.8584961597364277e+01
-7.3826253250012019e+00  -1.8755645999017801e+01
-7.7165992830537871e+00  -1.8930083889020963e+01
-8.0578868309758427e+00  -1.9108467799097230e+01
-8.4058615918743662e+00  -1.9290960698468364e+01
-8.7616573723983926e+00  -1.9477996163021736e+01
-9.1270314437188951e+00  -1.9669992629414423e+01
-9.5015616926239126e+00  -1.9866872743204432e+01
-9.8827706586828850e+00  -2.0068168084210804e+01
-1.0268458817543218e+01  -2.0273355455933299e+01
-1.0658079779114049e+01  -2.0481960180437145e+01
-1.1052348268334812e+01  -2.0693488387258917e+01
-1.1451788453967803e+01  -2.0907347679617985e+01
-1.1854527801785201e+01  -2.1122746484522278e+01
-1.2258699678074750e+01  -2.1339025540280197e+01
-1.2666084836112741e+01  -2.1555963113450105e+01
-1.3074928400519713e+01  -2.1772945413933872e+01
-1.3478486347969929e+01  -2.1988724942879177e+01
-1.3879313099232000e+01  -2.2202853102121196e+01
-1.4286521970647772e+01  -2.2415635262983415e+01
-1.4696481256213119e+01  -2.2626233341140701e+01
-1.5100307485078943e+01  -2.2833381826664354e+01
-1.5496845523205735e+01  -2.3036883681412945e+01
-1.5887995571024883e+01  -2.3237039802840535e+01
-1.6276603755217053e+01  -2.3434363397924887e+01
-1.6663272684829415e+01  -2.3629125317667114e+01
-1.7046676166437351e+01  -2.3821435711343099e+01
-1.7426744779706649e+01  -2.4010731651476007e+01
-1.7800532000844704e+01  -2.4195950360491366e+01
-1.8168730306425555e+01  -2.4376884992399344e+01
-1.8537780220631330e+01  -2.4554826232605883e+01
-1.8909022137785282e+01  -2.4729726286930905e+01
-1.9278433703395574e+01  -2.4899995510061789e+01
-1.9645930163994116e+01  -2.5065414211228969e+01
-2.0017188627653141e+01  -2.5228038168231944e+01
-2.0392130300118378e+01  -2.5388438051029112e+01
-2.0771327386659920e+01  -2.5547425810951150e+01
-2.1152934170412809e+01  -2.5704741469796897e+01
-2.1535964075570305e+01  -2.5860161766175654e+01
-2.1921494992293937e+01  -2.6014285506272785e+01
-2.2311515808105469e+01  -2.6168592453002930e+01
