-6.6410545259714127e-03  6.6732126288115978e-03
6.6251375773306620e-01   -2.8454529938833528e-01
1.2754155375760292e+00   -5.8693320213188216e-01
1.8333550650079167e+00   -9.0066000553015035e-01
2.3376924999214919e+00   -1.2257662050609697e+00
2.7898481470840051e+00   -1.5620166169139860e+00
3.1913058498568523e+00   -1.9089133790275872e+00
3.5436109592683387e+00   -2.2657746587618579e+00
3.8483653332281538e+00   -2.6318878359899660e+00
4.1071894339250896e+00   -3.0065203325389396e+00
4.3216734457799175e+00   -3.3887853424930032e+00
4.4933963492866456e+00   -3.7777940320831389e+00
4.6239836195406232e+00   -4.1729687902847585e+00
4.7152864856366072e+00   -4.5737650124598481e+00
4.7692424923490657e+00   -4.9795258283562296e+00
4.7878344921845031e+00   -5.3891036720828200e+00
4.7731015903829412e+00   -5.8009929916621878e+00
4.7271589562077647e+00   -6.2137973703231673e+00
4.6521692057176978e+00   -6.6264141810497943e+00
4.5502723009823276e+00   -7.0377650520496289e+00
4.4235514830319378e+00   -7.4467409746659854e+00
4.2740260671504977e+00   -7.8523145388922586e+00
4.1036622164230927e+00   -8.2536087767014958e+00
3.9143869935429807e+00   -8.6499297657469238e+00
3.7081026659437044e+00   -9.0409672585486138e+00
3.4866769157608291e+00   -9.4267820462500271e+00
3.2519135590854074e+00   -9.8073564799157928e+00
3.0055396267090977e+00   -1.0182107977317008e+01
2.7492034567141550e+00   -1.0549824292679201e+01
2.4844506514632592e+00   -1.0909176772244837e+01
2.2126837476260421e+00   -1.1259348766005356e+01
1.9351323766306088e+00   -1.1600303252512171e+01
1.6528860398046108e+00   -1.1932436118604548e+01
1.3669491235141278e+00   -1.2256195226056963e+01
1.0782768259379290e+00   -1.2571888365322424e+01
7.8780734182652046e-01   -1.2879504918303555e+01
4.9650440736875445e-01   -1.3178542527834365e+01
2.0534039790968850e-01   -1.3468183766543442e+01
-8.4859828756053801e-02  -1.3747974199269301e+01
-3.7358930293277648e-01  -1.4018308160889500e+01
-6.6063888045333896e-01  -1.4280132640416504e+01
-9.4583971333605699e-01  -1.4534075920662431e+01
-1.2287904933103979e+00  -1.4779864048727202e+01
-1.5089392908150738e+00  -1.5016818236710627e+01
-1.7860620610298170e+00  -1.5245061617288268e+01
-2.0605509556067405e+00  -1.5465926343692914e+01
-2.3331161709140806e+00  -1.5681094686765253e+01
-2.6041529522852040e+00  -1.5891399670272506e+01
-2.8733879074937776e+00  -1.6096432753115831e+01
-3.1402611768192266e+00  -1.6295363631591837e+01
-3.4046763786686167e+00  -1.6488028381762174e+01
-3.6672246336114611e+00  -1.6675067742200351e+01
-3.9289555260538451e+00  -1.6857521087117487e+01
-4.1911632576913824e+00  -1.7036546284714625e+01
-4.4552254765030934e+00  -1.7213253638599880e+01
-4.7223117056720181e+00  -1.7388457217162703e+01
-4.9931715980084732e+00  -1.7562556359483153e+01
-5.2680433980696559e+00  -1.7735552245909485e+01
-5.5469059504239198e+00  -1.7907295257244687e+01
-5.8301777426665016e+00  -1.8077933916842071e+01
-6.1188289570726129e+00  -1.8247893321312034e+01
-6.4139134265380333e+00  -1.8417587269884855e+01
-6.7163562583379930e+00  -1.8587350664069707e+01
-7.0263485323010215e+00  -1.8758347694318623e+01
-7.3446454837689021e+00  -1.8931851038042154e+01
-7.6722808454774931e+00  -1.9109045404447599e+01
-8.0096526066563847e+00  -1.9290703159242799e+01
-8.3559651132214121e+00  -1.9477055936200298e+01
-8.7093874367904824e+00  -1.9667888216625862e+01
-9.0684825164117662e+00  -1.9862887922650202e+01
-9.4336264642761343e+00  -2.0061923817232447e+01
-9.8060387384405754e+00  -2.0264893154687336e+01
-1.0185734723152349e+01  -2.0471467466889109e+01
-1.0571435606445592e+01  -2.0681110951339779e+01
-1.0962443006341404e+01  -2.0893248913677603e+01
-1.1357843665988677e+01  -2.1107070729616268e+01
-1.1756279558453292e+01  -2.1321504810993130e+01
-1.2157924674641523e+01  -2.1535529458898161e+01
-1.2562764714347605e+01  -2.1748163982771928e+01
-1.2970413563254699e+01  -2.1958610306130527e+01
-1.3381150532540241e+01  -2.2166410620884395e+01
-1.3793749916401190e+01  -2.2371168274316631e+01
-1.4205722391027411e+01  -2.2572448050039384e+01
-1.4616031675066878e+01  -2.2770010234756423e+01
-1.5024099370454920e+01  -2.2963769490505602e+01
-1.5430359879818894e+01  -2.3154004662629376e+01
-1.5835242122538554e+01  -2.3341344235709492e+01
-1.6236827191572644e+01  -2.3526369246809470e+01
-1.6634157007949533e+01  -2.3709936699007141e+01
-1.7026564844034397e+01  -2.3892893216569234e+01
-1.7413398584485702e+01  -2.4074663116624933e+01
-1.7798644202535378e+01  -2.4255516381456943e+01
-1.8184303808012469e+01  -2.4435278470792898e+01
-1.8565885479572980e+01  -2.4612111064606616e+01
-1.8939755484724369e+01  -2.4784362288517819e+01
-1.9311683081599920e+01  -2.4953158800085593e+01
-1.9687414996757788e+01  -2.5119767925218227e+01
-2.0061369974546452e+01  -2.5281858778278330e+01
-2.0432245418145111e+01  -2.5438440625949767e+01
-2.0801099191469490e+01  -2.5589571778434671e+01
-2.1173825121569426e+01  -2.5737450829919577e+01
-2.1553163353448113e+01  -2.5883709415559199e+01
-2.1941262753524406e+01  -2.6030176104569904e+01
-2.2311515808105469e+01  -2.6168592453002930e+01
