-6.6410545259714127e-03  6.6732126288115978e-03
6.6188457110281718e-01   -2.8806505797045046e-01
1.2723145463269447e+00   -5.9529951868881270e-01
1.8265455919701969e+00   -9.1459232302549642e-01
2.3262393482186110e+00   -1.2445325188522447e+00
2.7729952914016320e+00   -1.5839471028778074e+00
3.1684782245821941e+00   -1.9326698234817803e+00
3.5144058754212928e+00   -2.2912798438891162e+00
3.8124602104711958e+00   -2.6601759023771425e+00
4.0642535856890056e+00   -3.0388899461864005e+00
4.2714167166539410e+00   -3.4262316625499185e+00
4.4356587604041993e+00   -3.8206048297744841e+00
4.5587582567629132e+00   -4.2202429029861745e+00
4.6427252215985213e+00   -4.6234088866282441e+00
4.6896531254362239e+00   -5.0290159225411051e+00
4.7016597656982970e+00   -5.4367726059512282e+00
4.6808054668783026e+00   -5.8467385432483390e+00
4.6290394589085704e+00   -6.2585859097328047e+00
4.5482420702501685e+00   -6.6712619078716937e+00
4.4403298647640659e+00   -7.0833366176776806e+00
4.3073271940915081e+00   -7.4934376971734622e+00
4.1513656686672213e+00   -7.9003749560675516e+00
3.9746374723892797e+00   -8.3030620352159001e+00
3.7793269215977903e+00   -8.7004689612844910e+00
3.5675460920759066e+00   -9.0916644063948358e+00
3.3412916504104873e+00   -9.4759509310042080e+00
3.1024221297564889e+00   -9.8530165584413361e+00
2.8526624151383579e+00   -1.0222889475272330e+01
2.5936272276186960e+00   -1.0585791881103884e+01
2.3268529904448876e+00   -1.0941855555184748e+01
2.0538440450198410e+00   -1.1290711776411850e+01
1.7760900182321713e+00   -1.1631485720449641e+01
1.4950040050260158e+00   -1.1963368604661829e+01
1.2118317905787945e+00   -1.2286072531087786e+01
9.2762455144852618e-01   -1.2599698044830633e+01
6.4328916945811321e-01   -1.2904313861575192e+01
3.5959529503450305e-01   -1.3199978623072097e+01
7.7143085554646995e-02   -1.3486947487532669e+01
-2.0362107019205844e-01  -1.3765621346447951e+01
-4.8234143439487365e-01  -1.4036346612561100e+01
-7.5869144173645053e-01  -1.4299275029713989e+01
-1.0323967440138524e+00  -1.4554498617729692e+01
-1.3033047631391943e+00  -1.4802248453863310e+01
-1.5713995941216534e+00  -1.5042885732056696e+01
-1.8367235056938185e+00  -1.5276690822038329e+01
-2.0993353403342185e+00  -1.5503805095447674e+01
-2.3593828649829893e+00  -1.5724416296262323e+01
-2.6171683417276479e+00  -1.5938884068160689e+01
-2.8732017025834993e+00  -1.6147806830912767e+01
-3.1281030213779424e+00  -1.6351849880561868e+01
-3.3824705490482554e+00  -1.6551573370394376e+01
-3.6369411825311388e+00  -1.6747536022992588e+01
-3.8923170277475707e+00  -1.6940423518605524e+01
-4.1493260422677984e+00  -1.7130755717316553e+01
-4.4084358303544118e+00  -1.7318738481853970e+01
-4.6699828806750698e+00  -1.7504451432174299e+01
-4.9343587413342789e+00  -1.7688035223199279e+01
-5.2023671857588649e+00  -1.7869945341879639e+01
-5.4751524485318299e+00  -1.8050825864468198e+01
-5.7537102286284156e+00  -1.8231174955164519e+01
-6.0388385701097222e+00  -1.8411357867515648e+01
-6.3317040778594444e+00  -1.8591889490229399e+01
-6.6339230346136278e+00  -1.8773361263206059e+01
-6.9461292635021934e+00  -1.8956887308996052e+01
-7.2682237460980037e+00  -1.9143053421083536e+01
-7.5993276212953642e+00  -1.9331959384931608e+01
-7.9381613652013074e+00  -1.9523402791887452e+01
-8.2840888257610850e+00  -1.9717213540417827e+01
-8.6386076363754434e+00  -1.9913601808201484e+01
-9.0038627368249742e+00  -2.0112815383797511e+01
-9.3793004068420522e+00  -2.0314576879576045e+01
-9.7619069826117180e+00  -2.0518214712924411e+01
-1.0148942683281133e+01  -2.0723036648569789e+01
-1.0539621746506016e+01  -2.0928451123868999e+01
-1.0934846055810398e+01  -2.1133922476189404e+01
-1.1335641174228423e+01  -2.1338919580462559e+01
-1.1740429014477462e+01  -2.1542810017411167e+01
-1.2147191785466108e+01  -2.1745188796895597e+01
-1.2557249377357248e+01  -2.1946162089251573e+01
-1.2967805263999328e+01  -2.2145411680089115e+01
-1.3371391583260456e+01  -2.2341964657978512e+01
-1.3772189009037298e+01  -2.2535809296998821e+01
-1.4182099401372870e+01  -2.2727789198415849e+01
-1.4597209958758285e+01  -2.2917309405250503e+01
-1.5005903741335047e+01  -2.3103084380413438e+01
-1.5405223409024217e+01  -2.3284968822594891e+01
-1.5797568887598979e+01  -2.3463536499312703e+01
-1.6188365039091565e+01  -2.3639813694326865e+01
-1.6579746073501290e+01  -2.3814409813020813e+01
-1.6969402082346164e+01  -2.3987334272820760e+01
-1.7355533918500594e+01  -2.4157735778978449e+01
-1.7733924287145364e+01  -2.4324371190264316e+01
-1.8105904865065082e+01  -2.4487305457868704e+01
-1.8479555304173200e+01  -2.4648346635514208e+01
-1.8856671616697636e+01  -2.4807626219792233e+01
-1.9231890820476263e+01  -2.4963216011007834e+01
-1.9604209535255713e+01  -2.5114758750871303e+01
-1.9980368454389591e+01  -2.5264943456928233e+01
-2.0361169740273407e+01  -2.5415000026508238e+01
-2.0747003446382820e+01  -2.5565916602271951e+01
-2.1134710169482023e+01  -2.5716900102075339e+01
-2.1523121181969842e+01  -2.5867248758439448e+01
-2.1914434941329581e+01  -2.6017388285661212e+01
-2.2311515808105469e+01  -2.6168592453002930e+01
