-6.6410545259714127e-03  6.6732126288115978e-03
6.6272350647803080e-01   -2.8725241569416338e-01
1.2757312037747597e+00   -5.9330191372264907e-01
1.8340401607949650e+00   -9.1115432711485189e-01
2.3391046531655104e+00   -1.2395532064323533e+00
2.7923422438399865e+00   -1.5774114833805082e+00
3.1952604988284099e+00   -1.9245379617950737e+00
3.5494419624574256e+00   -2.2814192090853442e+00
3.8564491535711714e+00   -2.6483745999441286e+00
4.1177823713945720e+00   -3.0249395386813651e+00
4.3349478770085552e+00   -3.4100031059169229e+00
4.5095167830940186e+00   -3.8021241712432952e+00
4.6431217173036847e+00   -4.1997430179039297e+00
4.7376186771038924e+00   -4.6012789337206819e+00
4.7949573666166438e+00   -5.0056899428314798e+00
4.8171344666260314e+00   -5.4125794382647658e+00
4.8061194641469793e+00   -5.8218071720363334e+00
4.7638024613042003e+00   -6.2328510083045821e+00
4.6920239706560523e+00   -6.6445505631527606e+00
4.5926597864864780e+00   -7.0554809233837048e+00
4.4676787089077923e+00   -7.4643731014741519e+00
4.3191331933864596e+00   -7.8701901506743326e+00
4.1491179106217011e+00   -8.2719934121499517e+00
3.9597129880345578e+00   -8.6688403525808777e+00
3.7529346571393831e+00   -9.0598060217856133e+00
3.5307044826706191e+00   -9.4441244348799405e+00
3.2948320027652169e+00   -9.8213475377885651e+00
3.0470149227296055e+00   -1.0191343478606376e+01
2.7888572347903269e+00   -1.0554191942234407e+01
2.5218910706603417e+00   -1.0909927790769007e+01
2.2476140960223434e+00   -1.1258164719736893e+01
1.9675048513010189e+00   -1.1598080833727076e+01
1.6829683252088161e+00   -1.1928928683282740e+01
1.3952562037829876e+00   -1.2250441828115374e+01
1.1054477969738863e+00   -1.2562695183330847e+01
8.1449879163261463e-01   -1.2865717291083401e+01
5.2324916049108416e-01   -1.3159507546106765e+01
2.3239086325507119e-01   -1.3444235752760941e+01
-5.7524304197032805e-02  -1.3720213991616255e+01
-3.4603210869983581e-01  -1.3987719057190770e+01
-6.3270426960968051e-01  -1.4246870268399597e+01
-9.1717333626849107e-01  -1.4497755830368547e+01
-1.1991991713652075e+00  -1.4740615820654082e+01
-1.4786780126626080e+00  -1.4975820612313349e+01
-1.7555691592277540e+00  -1.5203672867211974e+01
-2.0298569477332054e+00  -1.5424353534473553e+01
-2.3016134472202330e+00  -1.5638084094304620e+01
-2.5710580693201162e+00  -1.5845238853126205e+01
-2.8386003718263582e+00  -1.6046397157221971e+01
-3.1047494447177861e+00  -1.6242187586174051e+01
-3.3700079330814585e+00  -1.6433151219782498e+01
-3.6349298833978381e+00  -1.6619840343327976e+01
-3.9002296635507934e+00  -1.6802929669804865e+01
-4.1665806332559576e+00  -1.6982966477433131e+01
-4.4344503967759206e+00  -1.7160240313862332e+01
-4.7042116824023648e+00  -1.7334942617362593e+01
-4.9763192191632584e+00  -1.7507340762330443e+01
-5.2516032449477077e+00  -1.7677980000311646e+01
-5.5311765230862733e+00  -1.7847550541554074e+01
-5.8159803931181617e+00  -1.8016583213602630e+01
-6.1067284989274713e+00  -1.8185462701118553e+01
-6.4044432021575401e+00  -1.8354708065134794e+01
-6.7106077479772752e+00  -1.8524949488570744e+01
-7.0258771787701377e+00  -1.8697450940053791e+01
-7.3503353431591609e+00  -1.8873036274019327e+01
-7.6833425138734892e+00  -1.9052086967481657e+01
-8.0237932125828983e+00  -1.9234681230455568e+01
-8.3710543866741709e+00  -1.9420886426312602e+01
-8.7263683232498330e+00  -1.9611074142109565e+01
-9.0916105490960923e+00  -1.9805616084462031e+01
-9.4663217577026479e+00  -2.0004377857282954e+01
-9.8478633176794670e+00  -2.0206831018514087e+01
-1.0233872626365850e+01  -2.0412401350079264e+01
-1.0623732721771519e+01  -2.0620576712524471e+01
-1.1018208396737522e+01  -2.0830844549330145e+01
-1.1417972593219512e+01  -2.1042621091487987e+01
-1.1821240038189620e+01  -2.1255148081277067e+01
-1.2226090692173871e+01  -2.1467823216694448e+01
-1.2634186575996164e+01  -2.1680504038476045e+01
-1.3043481466773375e+01  -2.1892646441804050e+01
-1.3446997690972248e+01  -2.2103065009788967e+01
-1.3847760069217962e+01  -2.2311426181230388e+01
-1.4255703508275946e+01  -2.2518186127203080e+01
-1.4667095927920272e+01  -2.2722573997421218e+01
-1.5072262069200647e+01  -2.2923323924328233e+01
-1.5469553510037400e+01  -2.3120267956849347e+01
-1.5861023038752544e+01  -2.3313803194335286e+01
-1.6250250634413220e+01  -2.3504607352583395e+01
-1.6638256853835763e+01  -2.3693063458536255e+01
-1.7023430116556369e+01  -2.3879267713982870e+01
-1.7405213913083724e+01  -2.4062589122942072e+01
-1.7780303853337990e+01  -2.4241922946169467e+01
-1.8149564313688739e+01  -2.4417139108457693e+01
-1.8519928629521100e+01  -2.4589678260498950e+01
-1.8892869040632572e+01  -2.4759534092945920e+01
-1.9263965033504217e+01  -2.4925001565893698e+01
-1.9632865541115088e+01  -2.5085803291276576e+01
-2.0005591232709904e+01  -2.5244171476642588e+01
-2.0382321282936982e+01  -2.5400853221698668e+01
-2.0763581167024910e+01  -2.5556704823631204e+01
-2.1147115564989836e+01  -2.5711302272256614e+01
-2.1531885448937615e+01  -2.5864294036988642e+01
-2.1919278414764030e+01  -2.6016244114900104e+01
-2.2311515808105469e+01  -2.6168592453002930e+01
