-6.6410545259714127e-03  6.6732126288115978e-03
6.6313144066687357e-01   -2.8434489367143923e-01
1.2778798320096230e+00   -5.8628339229454085e-01
1.8388351160485661e+00   -8.9929041000250143e-01
2.3472890861489089e+00   -1.2234043114071000e+00
2.8045819384353234e+00   -1.5584197150203702e+00
3.2121026256747234e+00   -1.9038958600303948e+00
3.5712911178834510e+00   -2.2592298303469409e+00
3.8836338783789106e+00   -2.6237820811376711e+00
4.1506364515947674e+00   -2.9968760029910575e+00
4.3737798262425640e+00   -3.3776734273814615e+00
4.5545421317573487e+00   -3.7653107929092497e+00
4.6944475153383527e+00   -4.1591856334129629e+00
4.7952361030224715e+00   -4.5586839644480683e+00
4.8587288528989925e+00   -4.9630850195831888e+00
4.8867894081848693e+00   -5.3712315769747878e+00
4.8813333732961492e+00   -5.7816648146869376e+00
4.8443507477421885e+00   -6.1930603779640059e+00
4.7778849382921607e+00   -6.6043933046421710e+00
4.6839714796780063e+00   -7.0146817824535290e+00
4.5646063517300579e+00   -7.4228926198495486e+00
4.4217371057399752e+00   -7.8280096721014871e+00
4.2572700617294892e+00   -8.2290883199105718e+00
4.0730829297459836e+00   -8.6253167429426636e+00
3.8710355387159212e+00   -9.0162393179892266e+00
3.6529600464065810e+00   -9.4017845138823208e+00
3.4206345197024728e+00   -9.7818773420183014e+00
3.1757700153504551e+00   -1.0155976168559226e+01
2.9200116527819651e+00   -1.0522977466602693e+01
2.6549167168700585e+00   -1.0881656175263789e+01
2.3819165929324386e+00   -1.1231229440367539e+01
2.1022872252062008e+00   -1.1571593840891078e+01
1.8171737857572170e+00   -1.1903028200151331e+01
1.5276363912944317e+00   -1.2225858011587054e+01
1.2346779684159181e+00   -1.2540296830707861e+01
9.3927276709433605e-01   -1.2846288024630612e+01
6.4240792765483767e-01   -1.3143338832537124e+01
3.4506983812193825e-01   -1.3430687318980270e+01
4.8102010681430940e-02   -1.3707928818676955e+01
-2.4794992390827086e-01  -1.3975458322155827e+01
-5.4281522007965122e-01  -1.4234177459294678e+01
-8.3625275921923570e-01  -1.4484663550934343e+01
-1.1277996018537939e+00  -1.4726631617315459e+01
-1.4168567903573102e+00  -1.4959416221978266e+01
-1.7031344763816847e+00  -1.5183090906533874e+01
-1.9869239605200708e+00  -1.5398857409252301e+01
-2.2688318462680845e+00  -1.5608273069638788e+01
-2.5491996155695058e+00  -1.5812150407462752e+01
-2.8277798638231233e+00  -1.6010199852496324e+01
-3.1040740048831914e+00  -1.6201760378227274e+01
-3.3779999622715220e+00  -1.6386772130427030e+01
-3.6500928281915392e+00  -1.6565898139806247e+01
-3.9212858387827270e+00  -1.6740144401974970e+01
-4.1926958123178473e+00  -1.6910587007561610e+01
-4.4654805748459889e+00  -1.7078232071255215e+01
-4.7406186762683316e+00  -1.7243835725730513e+01
-5.0187605872662857e+00  -1.7407832357598693e+01
-5.3001795999281764e+00  -1.7570362860495361e+01
-5.5850023783414002e+00  -1.7731488377247434e+01
-5.8738028590147682e+00  -1.7891559610163299e+01
-6.1676511216081353e+00  -1.8051163542068565e+01
-6.4676272250609825e+00  -1.8210829724413664e+01
-6.7745790290289110e+00  -1.8370956120421940e+01
-7.0885671983776817e+00  -1.8532756869237751e+01
-7.4101819827923396e+00  -1.8697537788454142e+01
-7.7403560255312041e+00  -1.8866535562528654e+01
-8.0795237938664677e+00  -1.9040617686182191e+01
-8.4270815606701426e+00  -1.9220159678799785e+01
-8.7815095338058633e+00  -1.9405127219807319e+01
-9.1416109782495347e+00  -1.9595376674061640e+01
-9.5077395948455923e+00  -1.9790885881021815e+01
-9.8809174310675285e+00  -1.9991604547089985e+01
-1.0260996077598760e+01  -2.0197225244579997e+01
-1.0646693861450474e+01  -2.0407223823701916e+01
-1.1037400377099461e+01  -2.0621041683348089e+01
-1.1432389287860625e+01  -2.0837916493895634e+01
-1.1830453724179000e+01  -2.1056849414650852e+01
-1.2231635354649457e+01  -2.1276871769226197e+01
-1.2635722468482737e+01  -2.1497020542167718e+01
-1.3042170164588317e+01  -2.1716453353510975e+01
-1.3451143074807087e+01  -2.1934595103935695e+01
-1.3861532318439764e+01  -2.2150896031293712e+01
-1.4271149932760199e+01  -2.2364762043016526e+01
-1.4679076461520125e+01  -2.2575770260734512e+01
-1.5084661742662561e+01  -2.2783619458462145e+01
-1.5488056222287156e+01  -2.2988308518525372e+01
-1.5889382213480937e+01  -2.3190122006705586e+01
-1.6286938246946789e+01  -2.3389327439634787e+01
-1.6680210417525949e+01  -2.3586516579721557e+01
-1.7068788774393283e+01  -2.3782317779023458e+01
-1.7451907476545028e+01  -2.3976002170732599e+01
-1.7832934754674660e+01  -2.4167659850313754e+01
-1.8214051532545550e+01  -2.4357180173673758e+01
-1.8591684515598981e+01  -2.4543025228196093e+01
-1.8962642476225223e+01  -2.4723744603199826e+01
-1.9331902169200628e+01  -2.4900326911886740e+01
-1.9704383962288183e+01  -2.5073910734132411e+01
-2.0075146753721256e+01  -2.5242541885654429e+01
-2.0443796321465424e+01  -2.5405731981082823e+01
-2.0811661372942268e+01  -2.5563809220451272e+01
-2.1182631827044279e+01  -2.5718386403497458e+01
-2.1557988707070550e+01  -2.5870600208405879e+01
-2.1941718609847648e+01  -2.6022911252046100e+01
-2.2311515808105469e+01  -2.6168592453002930e+01
