-6.6410545259714127e-03  6.6732126288115978e-03
6.6134926178808939e-01   -2.8855427054302507e-01
1.2701526858609413e+00   -5.9650722800125167e-01
1.8218300301034367e+00   -9.1667392583730978e-01
2.3181891448952467e+00   -1.2475505106334794e+00
2.7609565836684777e+00   -1.5879125402900693e+00
3.1519055107302654e+00   -1.9376056245109856e+00
3.4928463985688758e+00   -2.2972594414576282e+00
3.7855391766119428e+00   -2.6673171944723268e+00
4.0316701105760906e+00   -3.0473095790980826e+00
4.2329481173344830e+00   -3.4360020559215005e+00
4.3911674693580567e+00   -3.8317079830032439e+00
4.5081944445070539e+00   -4.2325364205757436e+00
4.5861287040356551e+00   -4.6366525022555329e+00
4.6271433502744808e+00   -5.0429370045609110e+00
4.6334205536621642e+00   -5.4511593194560195e+00
4.6070649845479803e+00   -5.8615019581081107e+00
4.5500506683964854e+00   -6.2737642325248579e+00
4.4642715235277564e+00   -6.6869727981648150e+00
4.3516574652431919e+00   -7.0997063181095044e+00
4.2142581175534222e+00   -7.5105336205972293e+00
4.0542453836330417e+00   -7.9181656312308206e+00
3.8738662836533178e+00   -8.3214166299233892e+00
3.6753664075291868e+00   -8.7191945353010620e+00
3.4609169588514193e+00   -9.1105593172072137e+00
3.2325622879226943e+00   -9.4948546036993680e+00
2.9921950217547799e+00   -9.8718546660272430e+00
2.7415595956956089e+00   -1.0241691283629569e+01
2.4822811020159739e+00   -1.0604676420708071e+01
2.2159022820556054e+00   -1.0960998540528681e+01
1.9439338549144025e+00   -1.1310295955336411e+01
1.6678738517358944e+00   -1.1651661892706111e+01
1.3891412087194057e+00   -1.1984252701284296e+01
1.1089780453567029e+00   -1.2307767429693133e+01
8.2841819697946528e-01   -1.2622321345383002e+01
5.4833761432524730e-01   -1.2928006886687344e+01
2.6946085318193347e-01   -1.3224918517748305e+01
-7.6707476820473408e-03  -1.3513360272585922e+01
-2.8267840604563510e-01  -1.3793782156918532e+01
-5.5527725402072814e-01  -1.4066569207299107e+01
-8.2520843716644321e-01  -1.4331891466195465e+01
-1.0922603113661473e+00  -1.4589841311058549e+01
-1.3563387110838354e+00  -1.4840640043981718e+01
-1.6174855478341168e+00  -1.5084638904931147e+01
-1.8757972113670363e+00  -1.5322100978288329e+01
-2.1313799894583640e+00  -1.5553138787044659e+01
-2.3844277830432921e+00  -1.5777911822576105e+01
-2.6352920876459218e+00  -1.5996763992934859e+01
-2.8845423207170442e+00  -1.6210299797564684e+01
-3.1328644788211797e+00  -1.6419203963623087e+01
-3.3809136757267222e+00  -1.6624045704302457e+01
-3.6293742536676135e+00  -1.6825385172696567e+01
-3.8790964791178100e+00  -1.7023912936635309e+01
-4.1308369198770514e+00  -1.7220130855599329e+01
-4.3850562660691335e+00  -1.7414192936275967e+01
-4.6420578661792202e+00  -1.7606108226722334e+01
-4.9021820083173111e+00  -1.7795939180566222e+01
-5.1662074319594264e+00  -1.7984089905554566e+01
-5.4352919615475770e+00  -1.8171184331570249e+01
-5.7104630057280250e+00  -1.8357712039743987e+01
-5.9925717759050103e+00  -1.8544038760459983e+01
-6.2828721381621788e+00  -1.8730686177355558e+01
-6.5830557155065721e+00  -1.8918227372100407e+01
-6.8937336813030967e+00  -1.9107688848417133e+01
-7.2146920993694881e+00  -1.9299513587061014e+01
-7.5449140642427519e+00  -1.9493632930769010e+01
-7.8830251614354383e+00  -1.9689675074487855e+01
-8.2283944841015391e+00  -1.9887322752816356e+01
-8.5826724919510049e+00  -2.0086682848583870e+01
-8.9481557589807359e+00  -2.0287920299893244e+01
-9.3242209466980093e+00  -2.0490663841799098e+01
-9.7076390993109367e+00  -2.0694152246303013e+01
-1.0095458958687017e+01  -2.0897621037302699e+01
-1.0486792004074376e+01  -2.1100431551912752e+01
-1.0882626188104100e+01  -2.1302042065056234e+01
-1.1284202365787261e+01  -2.1501970142605884e+01
-1.1690070957455367e+01  -2.1699685746972019e+01
-1.2098168157231244e+01  -2.1894938373941038e+01
-1.2509576867210153e+01  -2.2088019892119462e+01
-1.2921018955710753e+01  -2.2278784642563938e+01
-1.3324764777001301e+01  -2.2466425951199032e+01
-1.3725700962391180e+01  -2.2651153940591655e+01
-1.4136920511144599e+01  -2.2834062730329606e+01
-1.4554440288271834e+01  -2.3014671685142471e+01
-1.4965456267809046e+01  -2.3191672856594469e+01
-1.5366153279629685e+01  -2.3364902585145245e+01
-1.5759110540278423e+01  -2.3535003064444844e+01
-1.6150915917616345e+01  -2.3703176054327475e+01
-1.6544437235610665e+01  -2.3870137175653564e+01
-1.6936942823312961e+01  -2.4035808346230795e+01
-1.7325851520658187e+01  -2.4199172212770563e+01
-1.7706369298284280e+01  -2.4358883710100741e+01
-1.8080145644941791e+01  -2.4515138204374441e+01
-1.8455916102055280e+01  -2.4669972869568774e+01
-1.8835675761366215e+01  -2.4823631020588742e+01
-1.9213500164958685e+01  -2.4974087659796286e+01
-1.9587995164528174e+01  -2.5120982429460170e+01
-1.9966260511808414e+01  -2.5267301655094126e+01
-2.0349453612877777e+01  -2.5414600913806822e+01
-2.0737887035173713e+01  -2.5563976828712381e+01
-2.1127920723604948e+01  -2.5714429131921531e+01
-2.1518303457741936e+01  -2.5865013584260371e+01
-2.1911737711944205e+01  -2.6016026915574542e+01
-2.2311515808105469e+01  -2.6168592453002930e+01
