-6.6410545259714127e-03  6.6732126288115978e-03
6.6216918328161967e-01   -2.8469815549986177e-01
1.2740231730740761e+00   -5.8738189099659011e-01
1.8302410799462712e+00   -9.0156089993360800e-01
2.3322186477638991e+00   -1.2272777788524736e+00
2.7814188582198693e+00   -1.5642808483573911e+00
3.1793777683444011e+00   -1.9120397618553460e+00
3.5277010490663123e+00   -2.2698264036997546e+00
3.8280554081488081e+00   -2.6368840165243288e+00
4.0821283034014080e+00   -3.0124448554156791e+00
4.2915723849126080e+00   -3.3955921333217081e+00
4.4580269530769288e+00   -3.7854227113586516e+00
4.5831775644716535e+00   -4.1813753101745901e+00
4.6689431590680037e+00   -4.5829484192896821e+00
4.7173328072141780e+00   -4.9895258188194864e+00
4.7304044632690978e+00   -5.3999680491046096e+00
4.7102751953481512e+00   -5.8127413651706412e+00
4.6591376587529307e+00   -6.2264016665305952e+00
4.5792293329759985e+00   -6.6397928011974994e+00
4.4727557451961948e+00   -7.0517730972461621e+00
4.3418547342984173e+00   -7.4611887233270267e+00
4.1885909150966647e+00   -7.8670104812941446e+00
4.0149659750443085e+00   -8.2684098616967656e+00
3.8229360639012571e+00   -8.6647712626913513e+00
3.6144265757032259e+00   -9.0558757511137689e+00
3.3913216434677382e+00   -9.4418622597967801e+00
3.1554346200290109e+00   -9.8227427633134674e+00
2.9084958740388096e+00   -1.0197905234740409e+01
2.6521477831149118e+00   -1.0566070432682405e+01
2.3879217637145409e+00   -1.0925849621899989e+01
2.1171951993472335e+00   -1.1276407317316849e+01
1.8411642236307308e+00   -1.1617744763666346e+01
1.5608798928968044e+00   -1.1950325022222406e+01
1.2773098174457074e+00   -1.2274667480333239e+01
9.9137818613976458e-01   -1.2591134347492529e+01
7.0400098541136791e-01   -1.2899739026274746e+01
4.1612812503442675e-01   -1.3199972245375106e+01
1.2872387225966408e-01   -1.3490985881030136e+01
-1.5739725093622958e-01  -1.3772297841523176e+01
-4.4174852553562072e-01  -1.4044299541104191e+01
-7.2415341111206089e-01  -1.4307959724480988e+01
-1.0044824583540624e+00  -1.4563933794579057e+01
-1.2823688700804174e+00  -1.4811957692869353e+01
-1.5572883136803692e+00  -1.5051350545289118e+01
-1.8290536992134108e+00  -1.5282266717347778e+01
-2.0981132066977439e+00  -1.5506113702549115e+01
-2.3652335377048521e+00  -1.5724643747586786e+01
-2.6308389054254628e+00  -1.5938700366645492e+01
-2.8946391091234163e+00  -1.6147804327517687e+01
-3.1560375726169561e+00  -1.6351024713859598e+01
-3.4149279007328257e+00  -1.6548133347925809e+01
-3.6719331621301379e+00  -1.6739752252431369e+01
-3.9281716057657592e+00  -1.6926935941167169e+01
-4.1850442448587408e+00  -1.7110888654747889e+01
-4.4440653412339284e+00  -1.7292782804821499e+01
-4.7065262499682827e+00  -1.7473467626517866e+01
-4.9732405200513199e+00  -1.7653320643617064e+01
-5.2444285146468044e+00  -1.7832254940802368e+01
-5.5199784792630311e+00  -1.8009988934193235e+01
-5.8002090041105934e+00  -1.8186540255343047e+01
-6.0860168385423394e+00  -1.8362226950920189e+01
-6.3784295894103478e+00  -1.8537385572535307e+01
-6.6784171866827196e+00  -1.8712312993934209e+01
-6.9862577329693565e+00  -1.8888150040548176e+01
-7.3028137519726375e+00  -1.9066157945695963e+01
-7.6291795347475126e+00  -1.9247498768819852e+01
-7.9657277981541883e+00  -1.9432898741632631e+01
-8.3115412946331553e+00  -1.9622514515263713e+01
-8.6645985993576211e+00  -1.9816035024773292e+01
-9.0233203154840318e+00  -2.0013061050301417e+01
-9.3880959066436880e+00  -2.0213408962324458e+01
-9.7602578413000725e+00  -2.0416955332345417e+01
-1.0139919493736455e+01  -2.0623370470343318e+01
-1.0525811111892979e+01  -2.0832121971284923e+01
-1.0917179477517552e+01  -2.1042631527276903e+01
-1.1313005952747099e+01  -2.1254062783452852e+01
-1.1711851686749190e+01  -2.1465299273077900e+01
-1.2113951944004926e+01  -2.1675279194491957e+01
-1.2519403050529245e+01  -2.1883002087019975e+01
-1.2927926895621642e+01  -2.2087689349995731e+01
-1.3339868117150226e+01  -2.2288947637752987e+01
-1.3753938782062811e+01  -2.2486471194658122e+01
-1.4167465984243353e+01  -2.2679923330801103e+01
-1.4579325227465560e+01  -2.2869181277198745e+01
-1.4988996526216638e+01  -2.3054305131222154e+01
-1.5397097627011277e+01  -2.3235764115449200e+01
-1.5804235309489238e+01  -2.3414418457320515e+01
-1.6208350714903332e+01  -2.3591065081922995e+01
-1.6608199900405587e+01  -2.3766746839616882e+01
-1.7002934701822483e+01  -2.3942459843118002e+01
-1.7391972622037581e+01  -2.4117732717683893e+01
-1.7779664414708840e+01  -2.4292942853167148e+01
-1.8167884874144061e+01  -2.4467860038557181e+01
-1.8551624710682599e+01  -2.4640453311615893e+01
-1.8927017495298710e+01  -2.4808927985234128e+01
-1.9300309800121038e+01  -2.4974454585989523e+01
-1.9677743547096533e+01  -2.5138329765275600e+01
-2.0053384382658024e+01  -2.5297955370227793e+01
-2.0425366088463715e+01  -2.5451984231754210e+01
-2.0794642816347420e+01  -2.5600293700355447e+01
-2.1168342686342985e+01  -2.5745427600320578e+01
-2.1550134245400628e+01  -2.5889336570863154e+01
-2.1940927298583610e+01  -2.6033441008592121e+01
-2.2311515808105469e+01  -2.6168592453002930e+01
