-6.6410545259714127e-03  6.6732126288115978e-03
6.6233553984518778e-01   -2.8763447401659303e-01
1.2741473891537880e+00   -5.9424032924999282e-01
1.8305598455865300e+00   -9.1276925536039633e-01
2.3331198699929030e+00   -1.2418918542747606e+00
2.7833271605269982e+00   -1.5804802583190916e+00
3.1827590206332195e+00   -1.9283556690952599e+00
3.5330604603059363e+00   -2.2860495363100757e+00
3.8358481194067426e+00   -2.6539195008382936e+00
4.0926740339922283e+00   -3.0314989702342521e+00
4.3051019240208843e+00   -3.4176387589358743e+00
4.4747675136085450e+00   -3.8108244228225798e+00
4.6033716181215558e+00   -4.2093993279854116e+00
4.6928439063671981e+00   -4.6117103426028230e+00
4.7452025085996761e+00   -5.0166952848381632e+00
4.7625027565735412e+00   -5.4240075560168410e+00
4.7467591984151678e+00   -5.8335998317958548e+00
4.6998929306645518e+00   -6.2450388468589644e+00
4.6237647314592749e+00   -6.6572109473309222e+00
4.5202723295925571e+00   -7.0686857363872448e+00
4.3914121817318890e+00   -7.4781448142541507e+00
4.2392760824092868e+00   -7.8844816159567728e+00
4.0660054323654755e+00   -8.2866909638772466e+00
3.8737294732487912e+00   -8.6837918796995606e+00
3.6645092592664583e+00   -9.0748577443121636e+00
3.4403016411026259e+00   -9.4591544613157925e+00
3.2029376145663644e+00   -9.8362962634889435e+00
2.9541274019395054e+00   -1.0206224612639579e+01
2.6954791677737253e+00   -1.0569084937591921e+01
2.4285265935027489e+00   -1.0924958294042018e+01
2.1547698482043502e+00   -1.1273467377817948e+01
1.8756924790933773e+00   -1.1613765497976496e+01
1.5927034087888332e+00   -1.1945076356412775e+01
1.3070515517119885e+00   -1.2267123618467242e+01
1.0198032389017961e+00   -1.2579994716221167e+01
7.3189177566524555e-01   -1.2883737086501187e+01
4.4412490352258593e-01   -1.3178377840200850e+01
1.5715245659689858e-01   -1.3464127491652542e+01
-1.2852225761194980e-01  -1.3741341096375471e+01
-4.1248461190418151e-01  -1.4010329125511998e+01
-6.9435251923584018e-01  -1.4271226395184875e+01
-9.7380060982806138e-01  -1.4524123256287126e+01
-1.2506285622724951e+00  -1.4769256806142973e+01
-1.5247729070717877e+00  -1.5006994437577326e+01
-1.7962310902656569e+00  -1.5237629156503356e+01
-2.0650217808020530e+00  -1.5461325103534833e+01
-2.3312529297184019e+00  -1.5678289215344964e+01
-2.5951830492929555e+00  -1.5888891149192489e+01
-2.8572696194536165e+00  -1.6093720264941393e+01
-3.1180739438480352e+00  -1.6293423142776529e+01
-3.3781444439304575e+00  -1.6488550041613248e+01
-3.6380746244561877e+00  -1.6679656584592319e+01
-3.8986210533975951e+00  -1.6867422849126154e+01
-4.1604842701883307e+00  -1.7052383358040736e+01
-4.4241337864396169e+00  -1.7234788558338650e+01
-4.6899282637469693e+00  -1.7414778151458357e+01
-4.9582957282574966e+00  -1.7592560503198058e+01
-5.2300568811171413e+00  -1.7768638188177857e+01
-5.5063404597012635e+00  -1.7943678051624875e+01
-5.7881130759184547e+00  -1.8118192801272002e+01
-6.0761269974626275e+00  -1.8292555200851524e+01
-6.3714718200164269e+00  -1.8467279781443388e+01
-6.6756942080908006e+00  -1.8642977652480656e+01
-6.9894415746746787e+00  -1.8820842449109882e+01
-7.3127136066326717e+00  -1.9001586445871439e+01
-7.6447578047060087e+00  -1.9185459393514677e+01
-7.9843833367131483e+00  -1.9372408133417299e+01
-8.3309545274365000e+00  -1.9562390117985881e+01
-8.6858333501053018e+00  -1.9755703024517707e+01
-9.0510245543756334e+00  -1.9952662531262263e+01
-9.4260273489044302e+00  -2.0153068796232539e+01
-9.8080242883673332e+00  -2.0356326739377430e+01
-1.0194471810402105e+01  -2.0561806412277903e+01
-1.0584674036468785e+01  -2.0768957528507290e+01
-1.0979459894006199e+01  -2.0977253971489340e+01
-1.1379666118533843e+01  -2.1186131663168950e+01
-1.1783603519711226e+01  -2.1394884104077274e+01
-1.2189302943837079e+01  -2.1602992052215193e+01
-1.2598275731193308e+01  -2.1810420438193376e+01
-1.3008131382468566e+01  -2.2016721616135715e+01
-1.3411652136620441e+01  -2.2220799680428005e+01
-1.3812401640262884e+01  -2.2422464508447490e+01
-1.4221236764806708e+01  -2.2622349297063920e+01
-1.4634330777850082e+01  -2.2819763066215469e+01
-1.5041103145097864e+01  -2.3013432914997484e+01
-1.5439309636441209e+01  -2.3203209012147198e+01
-1.5831173747904765e+01  -2.3389580128959004e+01
-1.6221125659208752e+01  -2.3573395046560751e+01
-1.6610688036697091e+01  -2.3755149444673645e+01
-1.6997927196405612e+01  -2.3934908411462118e+01
-1.7381715139508895e+01  -2.4111946775606256e+01
-1.7758325475042092e+01  -2.4285100074007602e+01
-1.8128832149305804e+01  -2.4454327161588797e+01
-1.8500713284138410e+01  -2.4621240112000415e+01
-1.8875591561460819e+01  -2.4785890790028439e+01
-1.9248603009196966e+01  -2.4946460668524313e+01
-1.9619090907707495e+01  -2.5102625390962245e+01
-1.9993433077268620e+01  -2.5256826734821299e+01
-2.0372102185799530e+01  -2.5410029952808287e+01
-2.0755554567140877e+01  -2.5563145939964212e+01
-2.1141103125262052e+01  -2.5715575448449851e+01
-2.1527647797112664e+01  -2.5866810068253901e+01
-2.1916949065246207e+01  -2.6017357768083087e+01
-2.2311515808105469e+01  -2.6168592453002930e+01
