-6.6410545259714127e-03  6.6732126288115978e-03
6.0760345557089579e-01   -3.1432506886856371e-01
1.0741022207539772e+00   -6.6511713622440383e-01
1.4296162086923039e+00   -1.0370754423940496e+00
1.7055834539391312e+00   -1.4211788855676759e+00
1.9262487274901940e+00   -1.8109448508951185e+00
2.1083105543322551e+00   -2.2043262919924080e+00
2.2616761018998695e+00   -2.6035595749243488e+00
2.3909827734518476e+00   -3.0124521530971666e+00
2.4976316860842083e+00   -3.4327179507850181e+00
2.5819579888173321e+00   -3.8633386593245920e+00
2.6443117335792481e+00   -4.3009691077333541e+00
2.6849836090502053e+00   -4.7403975728670416e+00
2.7041299266461287e+00   -5.1759949280191400e+00
2.7015432983945979e+00   -5.6039376757986181e+00
2.6769895224350524e+00   -6.0242138938860084e+00
2.6304166538595037e+00   -6.4399446545900538e+00
2.5619941279072891e+00   -6.8553091306259866e+00
2.4721303959413912e+00   -7.2739768841675225e+00
2.3615204842327548e+00   -7.6978880836360375e+00
2.2313185166089031e+00   -8.1265604915035823e+00
2.0833688091167453e+00   -8.5569400709233179e+00
1.9202829239349950e+00   -8.9842278049121358e+00
1.7451916991627925e+00   -9.4041147270658936e+00
1.5612447188325747e+00   -9.8141379234551156e+00
1.3712084137161513e+00   -1.0213746865085286e+01
1.1773593560072564e+00   -1.0604263889941389e+01
9.8162117683040484e-01   -1.0988310686991843e+01
7.8583432562589794e-01   -1.1368285442610155e+01
5.9199674254297130e-01   -1.1745245253451731e+01
4.0233380637237981e-01   -1.2118871749437172e+01
2.1914689965993617e-01   -1.2488331695371821e+01
4.4538981508407183e-02   -1.2852824370147593e+01
-1.1988218389706606e-01  -1.3211735883100420e+01
-2.7328345378905317e-01  -1.3565256752544714e+01
-4.1554766318444203e-01  -1.3914207994189328e+01
-5.4701426998510450e-01  -1.4259900841394851e+01
-6.6817735378403709e-01  -1.4603817205369049e+01
-7.7941236953516757e-01  -1.4946763497803694e+01
-8.8119622651294616e-01  -1.5289149342167729e+01
-9.7453297348999057e-01  -1.5631335456187607e+01
-1.0611180765639012e+00  -1.5973352198681383e+01
-1.1432774975904882e+00  -1.6314824795492338e+01
-1.2237165220315045e+00  -1.6655086349846918e+01
-1.3052265040458693e+00  -1.6993374686631835e+01
-1.3904258287680566e+00  -1.7328869456543103e+01
-1.4815416903804810e+00  -1.7660490493554651e+01
-1.5806067334131337e+00  -1.7987216759353316e+01
-1.6897716865426973e+00  -1.8308356948405443e+01
-1.8110828435367561e+00  -1.8622958865509073e+01
-1.9463063487423164e+00  -1.8929551099238065e+01
-2.0970401047837939e+00  -1.9226479430528141e+01
-2.2647961685060851e+00  -1.9512281209416681e+01
-2.4506195345849986e+00  -1.9785611087838099e+01
-2.6547024934289052e+00  -2.0045251509998806e+01
-2.8762555423610134e+00  -2.0290271201079939e+01
-3.1138306513341258e+00  -2.0520262214852721e+01
-3.3671150795691371e+00  -2.0736256176764282e+01
-3.6366933144299618e+00  -2.0939819842968564e+01
-3.9220469181006137e+00  -2.1131472954546538e+01
-4.2215846824563714e+00  -2.1311010467804039e+01
-4.5344660855727623e+00  -2.1478878726107389e+01
-4.8610030221395677e+00  -2.1636621055533940e+01
-5.2003616701184043e+00  -2.1787297551076740e+01
-5.5513021185764888e+00  -2.1934430488649454e+01
-5.9137355063699797e+00  -2.2081740397466703e+01
-6.2875063339970838e+00  -2.2231582504182985e+01
-6.6711163278210215e+00  -2.2383648066861308e+01
-7.0649047049713305e+00  -2.2535381011616401e+01
-7.4698869568147517e+00  -2.2682378951435908e+01
-7.8836635860489004e+00  -2.2819136813715296e+01
-8.3049144756308220e+00  -2.2940948228425434e+01
-8.7335922461168263e+00  -2.3043902428684916e+01
-9.1662583112376144e+00  -2.3123777154123363e+01
-9.5991459015058940e+00  -2.3176515607031256e+01
-1.0031479804427855e+01  -2.3199890733244999e+01
-1.0467193097386092e+01  -2.3196140343491489e+01
-1.0915901206623944e+01  -2.3174241507428739e+01
-1.1377143273936991e+01  -2.3148189290904099e+01
-1.1829937574866637e+01  -2.3132485638009189e+01
-1.2251642394837299e+01  -2.3138536747173763e+01
-1.2651500093784612e+01  -2.3174102324876628e+01
-1.3078308402914008e+01  -2.3243863140600297e+01
-1.3557024864878585e+01  -2.3345177056236221e+01
-1.4060081860040796e+01  -2.3467273766781236e+01
-1.4542345682469346e+01  -2.3595668404694806e+01
-1.4971388310320842e+01  -2.3714966891578023e+01
-1.5368257698278880e+01  -2.3815982732145773e+01
-1.5779956763999643e+01  -2.3896423300836670e+01
-1.6226536281488620e+01  -2.3957108995873739e+01
-1.6698075732350997e+01  -2.4002266122987848e+01
-1.7158283489530312e+01  -2.4039002628519626e+01
-1.7599251436987384e+01  -2.4083569104948172e+01
-1.8036338861111371e+01  -2.4153240296059558e+01
-1.8483416959905949e+01  -2.4254673334164487e+01
-1.8930176280948370e+01  -2.4377704207380820e+01
-1.9368585102691931e+01  -2.4509756228402736e+01
-1.9803474504880924e+01  -2.4648483372013072e+01
-2.0234682127549103e+01  -2.4801121537967589e+01
-2.0664585004610359e+01  -2.4984347884315408e+01
-2.1091368055987150e+01  -2.5213710061486960e+01
-2.1511029306893548e+01  -2.5495117887620356e+01
-2.1916137726821525e+01  -2.5819411219621173e+01
-2.2311515808105469e+01  -2.6168592453002930e+01
