-6.6410545259714127e-03  6.6732126288115978e-03
6.6336479285116923e-01   -2.8660747853653246e-01
1.2783603646558022e+00   -5.9171522317756697e-01
1.8398371893365300e+00   -9.0841787787321371e-01
2.3491067893959792e+00   -1.2355864279155839e+00
2.8074625117080285e+00   -1.5722063289615629e+00
3.2162990310854900e+00   -1.9180645397445977e+00
3.5770997097261024e+00   -2.2735654626711597e+00
3.8913383747625776e+00   -2.6389603443250795e+00
4.1604297331499431e+00   -3.0137899534343253e+00
4.3857853937932232e+00   -3.3970120947741922e+00
4.5688684657569825e+00   -3.7873098540168852e+00
4.7111954668459211e+00   -4.1832829568306265e+00
4.8144972247723494e+00   -4.5834699003268220e+00
4.8806037575315608e+00   -4.9868606567329996e+00
4.9114058880585265e+00   -5.3929743381098891e+00
4.9087889416097479e+00   -5.8015165588618949e+00
4.8745829388280040e+00   -6.2118256486739973e+00
4.8105833311602026e+00   -6.6226785791477862e+00
4.7186218054531528e+00   -7.0326710006885449e+00
4.6006118487088177e+00   -7.4406157629502871e+00
4.4585355829128268e+00   -7.8455853533110513e+00
4.2944056627731904e+00   -8.2467399970422246e+00
4.1102187692082639e+00   -8.6431915202597107e+00
3.9079172239728792e+00   -9.0340139595030511e+00
3.6893665634353896e+00   -9.4183895930563626e+00
3.4563403245273019e+00   -9.7957736881105255e+00
3.2105188079987705e+00   -1.0165919951842460e+01
2.9535008800768869e+00   -1.0528800959606539e+01
2.6868171227538475e+00   -1.0884371882089045e+01
2.4119618638522384e+00   -1.1232227222121079e+01
2.1304055971697018e+00   -1.1571586628729060e+01
1.8435457416287990e+00   -1.1901751409055597e+01
1.5526380959872723e+00   -1.2222467103345782e+01
1.2587825337979219e+00   -1.2533783652359320e+01
9.6296969631072094e-01   -1.2835698425021237e+01
6.6608963906035334e-01   -1.3128166410604903e+01
3.6890093739371255e-01   -1.3411286662756973e+01
7.2032679512302522e-02   -1.3685293239567763e+01
-2.2397222701267150e-01  -1.3950401304352635e+01
-5.1861430378936801e-01  -1.4206702817494751e+01
-8.1146163773638658e-01  -1.4454281394562273e+01
-1.1022115662702978e+00  -1.4693378185995268e+01
-1.3906953580910748e+00  -1.4924361299874384e+01
-1.6768100850166334e+00  -1.5147543530854858e+01
-1.9604831016791284e+00  -1.5363130623592511e+01
-2.2417257995914488e+00  -1.5571361105222284e+01
-2.5206882105783559e+00  -1.5772610712676681e+01
-2.7976954922563508e+00  -1.5967435427218614e+01
-3.0731661355442021e+00  -1.6156431165084879e+01
-3.3475238689792857e+00  -1.6340124700960782e+01
-3.6212534784448351e+00  -1.6519063432546115e+01
-3.8949935147165649e+00  -1.6693912536092096e+01
-4.1693634549112311e+00  -1.6865239078560755e+01
-4.4448192207810475e+00  -1.7033395788525112e+01
-4.7217468920581265e+00  -1.7198660054153059e+01
-5.0006336226971939e+00  -1.7361396643830687e+01
-5.2823163263075710e+00  -1.7522224242026123e+01
-5.5678736723630067e+00  -1.7681877047215085e+01
-5.8582055155699440e+00  -1.7840925702845183e+01
-6.1539654183305474e+00  -1.7999786722457969e+01
-6.4560701228576134e+00  -1.8158995617968351e+01
-6.7658927249365037e+00  -1.8319218096664006e+01
-7.0840932737408409e+00  -1.8481835071485371e+01
-7.4108877017864803e+00  -1.8647853859964457e+01
-7.7458277319215849e+00  -1.8817873853696867e+01
-8.0879585663579228e+00  -1.8992188793092897e+01
-8.4366628881084971e+00  -1.9171046166760600e+01
-8.7929777058792276e+00  -1.9354933552395515e+01
-9.1585515719690171e+00  -1.9544309560185297e+01
-9.5329933675811880e+00  -1.9739147261217433e+01
-9.9139734518042228e+00  -1.9939032773560932e+01
-1.0299439881385991e+01  -2.0143490226803507e+01
-1.0688909208740514e+01  -2.0352080348169384e+01
-1.1083050144021458e+01  -2.0564329532774359e+01
-1.1482258109958403e+01  -2.0779643446686848e+01
-1.1884590477261275e+01  -2.0997209141199047e+01
-1.2288229726445111e+01  -2.1216326141732786e+01
-1.2695044587241892e+01  -2.1436711020313794e+01
-1.3103526470664367e+01  -2.1657697627888798e+01
-1.3507157135781208e+01  -2.1877994861082531e+01
-1.3908081400242132e+01  -2.2097061116132579e+01
-1.4314681827444037e+01  -2.2315073942201707e+01
-1.4723427324023177e+01  -2.2531140388889266e+01
-1.5126129647707117e+01  -2.2743996078754808e+01
-1.5522044221249558e+01  -2.2953413098450909e+01
-1.5912926048167217e+01  -2.3159601686766926e+01
-1.6300992783766247e+01  -2.3362926396696555e+01
-1.6686502045409860e+01  -2.3563556512926208e+01
-1.7068369157694065e+01  -2.3761605403382589e+01
-1.7446933588147811e+01  -2.3956559374025446e+01
-1.7819560187642800e+01  -2.4147386880114169e+01
-1.8186802434721454e+01  -2.4333813483991751e+01
-1.8554660017613141e+01  -2.4516996833496997e+01
-1.8924359843397465e+01  -2.4696855279011594e+01
-1.9292233609172552e+01  -2.4871905986746359e+01
-1.9658429973259253e+01  -2.5041986724809291e+01
-2.0028300125532169e+01  -2.5208996391574839e+01
-2.0401542827202729e+01  -2.5373356883808043e+01
-2.0778783927721321e+01  -2.5535847251075662e+01
-2.1158538914370329e+01  -2.5696349612649680e+01
-2.1539867226128777e+01  -2.5854745134477046e+01
-2.1923592598952872e+01  -2.6011658371949665e+01
-2.2311515808105469e+01  -2.6168592453002930e+01
