-6.6410545259714127e-03  6.6732126288115978e-03
6.5956618883963358e-01   -2.9914184359447771e-01
1.2579802253049110e+00   -6.1849074719776198e-01
1.7891601282555973e+00   -9.5174959035757345e-01
2.2536412485100539e+00   -1.2991267673854936e+00
2.6519175154464318e+00   -1.6605038152667997e+00
2.9844999054141033e+00   -2.0353443971416771e+00
3.2520410110719276e+00   -2.4226215396746387e+00
3.4555380608129926e+00   -2.8210520274744173e+00
3.5965106657671306e+00   -3.2293252663253318e+00
3.6770763922520855e+00   -3.6460675399684366e+00
3.6999984458442627e+00   -4.0699768054348082e+00
3.6687414625582009e+00   -4.5003544542709646e+00
3.5876889152172957e+00   -4.9368677167464234e+00
3.4618279606413020e+00   -5.3790516793675058e+00
3.2966226010101867e+00   -5.8253003569201613e+00
3.0980339271901922e+00   -6.2728135696412757e+00
2.8726097866673599e+00   -6.7184985972728590e+00
2.6274574776216890e+00   -7.1596334291062060e+00
2.3700474055050327e+00   -7.5937656349234501e+00
2.1080002020565960e+00   -8.0195748815251449e+00
1.8487503837474824e+00   -8.4372927608079209e+00
1.5991400418263066e+00   -8.8485040846074678e+00
1.3650087921775096e+00   -9.2552351897070135e+00
1.1508715312086566e+00   -9.6594181050716603e+00
9.5968885647852620e-01   -1.0062387068561238e+01
7.9275686705736148e-01   -1.0464193757030184e+01
6.4973032557117327e-01   -1.0863270096228751e+01
5.2873529322385937e-01   -1.1257063905616175e+01
4.2651016836999767e-01   -1.1643456643231776e+01
3.3859808287689641e-01   -1.2021724716818650e+01
2.5962363906652186e-01   -1.2392751564556315e+01
1.8375623900810201e-01   -1.2757929990770227e+01
1.0517362989230161e-01   -1.3118701362355143e+01
1.8593875560464657e-02   -1.3475805499130560e+01
-8.0175811263360486e-02  -1.3828614010658329e+01
-1.9387427345647901e-01  -1.4175373006144950e+01
-3.2360397522110984e-01  -1.4513778294860893e+01
-4.6896628598948276e-01  -1.4842081201289183e+01
-6.2833532277301696e-01  -1.5159741340268010e+01
-7.9906035634063755e-01  -1.5467135329062820e+01
-9.7763998341662339e-01  -1.5764938702067880e+01
-1.1599685862669409e+00  -1.6053747436173605e+01
-1.3419889457757062e+00  -1.6334757175447542e+01
-1.5208593003334059e+00  -1.6611329872104800e+01
-1.6956724203360498e+00  -1.6889119165135995e+01
-1.8669935436557801e+00  -1.7173928837556421e+01
-2.0353861199335195e+00  -1.7468544158964789e+01
-2.2000000224000886e+00  -1.7770804859906374e+01
-2.3589615857547734e+00  -1.8075144883737604e+01
-2.5112590202701792e+00  -1.8375947092470792e+01
-2.6579010366571154e+00  -1.8669269730182148e+01
-2.8019053646921508e+00  -1.8952942222543054e+01
-2.9484070101709361e+00  -1.9226849103728220e+01
-3.1047003357407643e+00  -1.9493022999619015e+01
-3.2788545790545864e+00  -1.9754353084510420e+01
-3.4776805296452831e+00  -2.0013026807023437e+01
-3.7041854850523830e+00  -2.0268982226187500e+01
-3.9561263478963009e+00  -2.0519549042378049e+01
-4.2280968610708900e+00  -2.0761298725401488e+01
-4.5133926916040155e+00  -2.0991119134224022e+01
-4.8051697589354943e+00  -2.1206546296221525e+01
-5.0997664737158006e+00  -2.1406832752158696e+01
-5.3984889398632774e+00  -2.1593913380544514e+01
-5.7075837090382198e+00  -2.1770356782976236e+01
-6.0336281631731108e+00  -2.1937530058874174e+01
-6.3805079380772840e+00  -2.2095031839281251e+01
-6.7470990176785044e+00  -2.2240816026074565e+01
-7.1270264538955859e+00  -2.2372190885197334e+01
-7.5135971289911128e+00  -2.2487891856556757e+01
-7.9057866844223135e+00  -2.2589700654581385e+01
-8.3055304896345756e+00  -2.2681740741319111e+01
-8.7138305049554798e+00  -2.2768941791592326e+01
-9.1314528941767623e+00  -2.2855552914773998e+01
-9.5563697341131633e+00  -2.2943264154585272e+01
-9.9861801551892686e+00  -2.3030980110648258e+01
-1.0420554191384047e+01  -2.3115900689904148e+01
-1.0859364710938367e+01  -2.3194961154836271e+01
-1.1302173922645334e+01  -2.3266188606165940e+01
-1.1749811050895079e+01  -2.3329169879304050e+01
-1.2202280748661915e+01  -2.3384159739689327e+01
-1.2660200702991766e+01  -2.3431547064218364e+01
-1.3121278821844061e+01  -2.3471624409216020e+01
-1.3583760051455428e+01  -2.3505555154724075e+01
-1.4046188017343653e+01  -2.3535521919514085e+01
-1.4505962649670579e+01  -2.3564026086922894e+01
-1.4964846223719585e+01  -2.3594153044989888e+01
-1.5422769602995372e+01  -2.3628960522978293e+01
-1.5881390398757638e+01  -2.3672899326418030e+01
-1.6344004876993381e+01  -2.3732599637467672e+01
-1.6800985416532210e+01  -2.3811726882150751e+01
-1.7252911108319985e+01  -2.3915716619684787e+01
-1.7693558144369586e+01  -2.4046921189108023e+01
-1.8118460590962140e+01  -2.4206056567841479e+01
-1.8524293467665043e+01  -2.4391785117192136e+01
-1.8924056433650701e+01  -2.4604521934469748e+01
-1.9326544754638952e+01  -2.4839666625932338e+01
-1.9725853521757145e+01  -2.5083748913089732e+01
-2.0116161033226899e+01  -2.5320205276294615e+01
-2.0502137432855903e+01  -2.5535741154807962e+01
-2.0921376801180632e+01  -2.5731784812387229e+01
-2.1397986475472649e+01  -2.5911590084199336e+01
-2.1888759644546134e+01  -2.6062845887208454e+01
-2.2311515808105469e+01  -2.6168592453002930e+01
