-6.6410545259714127e-03  6.6732126288115978e-03
6.3616325953360331e-01   -3.0134741661684328e-01
1.1755528428357338e+00   -6.3061029373039290e-01
1.6266590315301335e+00   -9.7715960176828665e-01
2.0032297380425246e+00   -1.3360498778705705e+00
2.3170899731414392e+00   -1.7035847412082670e+00
2.5778269508547771e+00   -2.0786922326824486e+00
2.7927421619660926e+00   -2.4626719866617908e+00
2.9670505787420698e+00   -2.8574777073965212e+00
3.1042998007463787e+00   -3.2636128978370200e+00
3.2070801783391216e+00   -3.6798506777667459e+00
3.2775159553047120e+00   -4.1033017623287291e+00
3.3174180963930398e+00   -4.5296127948681173e+00
3.3285517615918074e+00   -4.9541467158366181e+00
3.3124048382352962e+00   -5.3738243818230265e+00
3.2701602844971251e+00   -5.7885189862803603e+00
3.2026455623983221e+00   -6.2004730663062766e+00
3.1104354187626968e+00   -6.6127122141208510e+00
2.9941549082323458e+00   -7.0277311963400546e+00
2.8548162729977085e+00   -7.4465681425027768e+00
2.6940473746029827e+00   -7.8683952586663821e+00
2.5141296695598605e+00   -8.2905888181290521e+00
2.3178642628174413e+00   -8.7092998609672048e+00
2.1083429514325376e+00   -9.1209096053102936e+00
1.8886737451978548e+00   -9.5230704200624192e+00
1.6617738448341628e+00   -9.9149002998983082e+00
1.4302892800631903e+00   -1.0297208908352072e+01
1.1966185801540552e+00   -1.0672090358780059e+01
9.6301688082456738e-01   -1.1041845711787115e+01
7.3172075873254649e-01   -1.1407928151794341e+01
5.0502086720535710e-01   -1.1770397999382336e+01
2.8519230314046595e-01   -1.2128411789709284e+01
7.4313408922347612e-02   -1.2481020184935934e+01
-1.2593503557400698e-01  -1.2827704930050761e+01
-3.1444046100646039e-01  -1.3168695472651793e+01
-4.9066429755333851e-01  -1.3504541187729901e+01
-6.5465167538061231e-01  -1.3836101401130149e+01
-8.0701111499924705e-01  -1.4164517711340958e+01
-9.4873950938959872e-01  -1.4490652618024832e+01
-1.0811324972267524e+00  -1.4815030885923260e+01
-1.2057402250387577e+00  -1.5137932364160896e+01
-1.3243051273832982e+00  -1.5459392075619249e+01
-1.4387136414656103e+00  -1.5779255842931914e+01
-1.5509894140297955e+00  -1.6097322348656256e+01
-1.6631976954521193e+00  -1.6413247663471378e+01
-1.7772897756827295e+00  -1.6726369204117432e+01
-1.8950414629291565e+00  -1.7035762454647600e+01
-2.0181491719202138e+00  -1.7340542996182478e+01
-2.1484495148546174e+00  -1.7640248261600671e+01
-2.2877665793842290e+00  -1.7934550468370954e+01
-2.4376145014179453e+00  -1.8222859700021413e+01
-2.5992741464746203e+00  -1.8504501958222843e+01
-2.7740231463312499e+00  -1.8779010594077402e+01
-2.9627810278863902e+00  -1.9045745069542811e+01
-3.1657550423142506e+00  -1.9303663155888088e+01
-3.3824582997195645e+00  -1.9551537283605192e+01
-3.6119026198895763e+00  -1.9788292262269408e+01
-3.8537987462752223e+00  -2.0013969266945633e+01
-4.1085480011670228e+00  -2.0229548484478574e+01
-4.3761766139929481e+00  -2.0436166057383147e+01
-4.6564719724572869e+00  -2.0635192918575370e+01
-4.9501329041915367e+00  -2.0828668107134611e+01
-5.2583513664655870e+00  -2.1018751976420933e+01
-5.5805064450321922e+00  -2.1207689766328663e+01
-5.9148599937328914e+00  -2.1396812447610941e+01
-6.2597234223627165e+00  -2.1586755532278104e+01
-6.6135582248471509e+00  -2.1777308326631715e+01
-6.9755634422886423e+00  -2.1967502384526409e+01
-7.3484031709861926e+00  -2.2156167559277229e+01
-7.7352470141687251e+00  -2.2341192189579829e+01
-8.1341530593917959e+00  -2.2518591717317896e+01
-8.5411589753142021e+00  -2.2683274488038471e+01
-8.9529995661394093e+00  -2.2829675467549052e+01
-9.3671307921069076e+00  -2.2952362063562450e+01
-9.7843778255629008e+00  -2.3047531513365179e+01
-1.0207832960994475e+01  -2.3114331722739323e+01
-1.0638754457745284e+01  -2.3155639821831638e+01
-1.1078776620518598e+01  -2.3178564751523588e+01
-1.1525657127486948e+01  -2.3192902430438096e+01
-1.1964130756858214e+01  -2.3208042750702976e+01
-1.2379073429879108e+01  -2.3231788213924862e+01
-1.2783884751644415e+01  -2.3271539468202434e+01
-1.3215987145322760e+01  -2.3333793674963090e+01
-1.3682610063280990e+01  -2.3419094802780105e+01
-1.4153510829424036e+01  -2.3521340305591966e+01
-1.4599294582692124e+01  -2.3632186501618634e+01
-1.5010638326533305e+01  -2.3743941305449788e+01
-1.5411951240759349e+01  -2.3853289040892111e+01
-1.5831869429366769e+01  -2.3959615906808960e+01
-1.6272373803041660e+01  -2.4061717531640340e+01
-1.6720169982076339e+01  -2.4158617927721124e+01
-1.7153762954061257e+01  -2.4250882716372104e+01
-1.7574776696959002e+01  -2.4345497186460623e+01
-1.7996804411534040e+01  -2.4450781795197436e+01
-1.8427253648901310e+01  -2.4569753857655392e+01
-1.8856833600017278e+01  -2.4697371427496481e+01
-1.9281249039306921e+01  -2.4829671403840663e+01
-1.9706120331220646e+01  -2.4968830204288462e+01
-2.0132466718270233e+01  -2.5119602983280089e+01
-2.0563480268282234e+01  -2.5289346758979715e+01
-2.0999277091669828e+01  -2.5482444039758445e+01
-2.1437624994759759e+01  -2.5697749361161616e+01
-2.1874286921538932e+01  -2.5928731144929401e+01
-2.2311515808105469e+01  -2.6168592453002930e+01
