-6.6410545259714127e-03  6.6732126288115978e-03
6.5904733040686381e-01   -2.9269441661970430e-01
1.2583779074948525e+00   -6.0528204499115035e-01
1.7920516687829411e+00   -9.3153816195371908e-01
2.2608793981529982e+00   -1.2716765634899247e+00
2.6658139807479455e+00   -1.6254632280799863e+00
3.0079996326632488e+00   -1.9921814552089989e+00
3.2888018181092811e+00   -2.3706301663740863e+00
3.5098736549902387e+00   -2.7594620115862032e+00
3.6731856039690349e+00   -3.1573905067084800e+00
3.7810187865086773e+00   -3.5631265144729074e+00
3.8360279277320801e+00   -3.9756010460716338e+00
3.8413486460146218e+00   -4.3944327983776388e+00
3.8008501453045760e+00   -4.8195601133872010e+00
3.7188753754209651e+00   -5.2506627678818338e+00
3.6001096634644103e+00   -5.6862339885787154e+00
3.4495320541738348e+00   -6.1235760710002616e+00
3.2724084183354507e+00   -6.5596551991786818e+00
3.0742065687700655e+00   -6.9917676163277331e+00
2.8604242356060459e+00   -7.4175119510583798e+00
2.6364697645871136e+00   -7.8355643795741656e+00
2.4074937414058688e+00   -8.2460471313557520e+00
2.1781912682037938e+00   -8.6503026024232366e+00
1.9526052533543818e+00   -9.0500760415056671e+00
1.7339753137060030e+00   -9.4470528242348397e+00
1.5246203087528487e+00   -9.8423717513596234e+00
1.3258769180837058e+00   -1.0235858637246306e+01
1.1381208606873690e+00   -1.0625755227850112e+01
9.6083862908125073e-01   -1.1009389470239054e+01
7.9270024424432628e-01   -1.1384597604878810e+01
6.3165990552971318e-01   -1.1750691623485405e+01
4.7512363620549891e-01   -1.2108633344346240e+01
3.2026690919319112e-01   -1.2460006589772112e+01
1.6434870399279600e-01   -1.2806411424024493e+01
5.0370375248811605e-03   -1.3148793034726454e+01
-1.5928667208794545e-01  -1.3486887051906651e+01
-3.2937494293584912e-01  -1.3819350186268279e+01
-5.0513254348893211e-01  -1.4144335966050201e+01
-6.8588088016291415e-01  -1.4460581225369459e+01
-8.7066515866474059e-01  -1.4768051726806515e+01
-1.0583695289709476e+00  -1.5067605484540344e+01
-1.2476227982054418e+00  -1.5360105266055612e+01
-1.4366826727995337e+00  -1.5645803695686507e+01
-1.6237079151207989e+00  -1.5924915772082407e+01
-1.8075910203041090e+00  -1.6199230294618285e+01
-1.9884603298438013e+00  -1.6472459698213711e+01
-2.1672041387867003e+00  -1.6748558829803049e+01
-2.3443220005945302e+00  -1.7029349345594085e+01
-2.5189857230073884e+00  -1.7313246615439592e+01
-2.6896190679019902e+00  -1.7596705984816591e+01
-2.8555075535190806e+00  -1.7876758520302442e+01
-3.0175442575586047e+00  -1.8151887749166942e+01
-3.1781137892603271e+00  -1.8421793438680464e+01
-3.3411069670648570e+00  -1.8687401226172135e+01
-3.5118016092774464e+00  -1.8950692443535544e+01
-3.6957186165683193e+00  -1.9213603482490633e+01
-3.8971851125272106e+00  -1.9476936373425872e+01
-4.1178239576094509e+00  -1.9739512020880493e+01
-4.3560465134350892e+00  -1.9998275906239133e+01
-4.6088918034498878e+00  -2.0249816158806411e+01
-4.8733263659394952e+00  -2.0491133141315544e+01
-5.1467434741454552e+00  -2.0719831754309446e+01
-5.4286488103323167e+00  -2.0934805748393590e+01
-5.7208064209042320e+00  -2.1137081806104511e+01
-6.0273394420513728e+00  -2.1328467496934977e+01
-6.3517071579240874e+00  -2.1510438400758787e+01
-6.6949875275395643e+00  -2.1683692913919618e+01
-7.0547491069424204e+00  -2.1847960977894939e+01
-7.4253621253204516e+00  -2.2002278499256782e+01
-7.8019562941827632e+00  -2.2146075550442561e+01
-8.1845211299942129e+00  -2.2280113175943690e+01
-8.5751357089987419e+00  -2.2406111936158588e+01
-8.9744697552339527e+00  -2.2526228340206828e+01
-9.3824277281420638e+00  -2.2642790320550976e+01
-9.7976594093489116e+00  -2.2757511047514349e+01
-1.0218300371082060e+01  -2.2870897293570621e+01
-1.0643153399738997e+01  -2.2982136780564243e+01
-1.1071765683781537e+01  -2.3089486444371794e+01
-1.1503860543357614e+01  -2.3191027745150620e+01
-1.1940453765395507e+01  -2.3285558472024082e+01
-1.2382691789444843e+01  -2.3372809107975460e+01
-1.2831084835377020e+01  -2.3453159350786052e+01
-1.3282245695013007e+01  -2.3526811634557816e+01
-1.3733323006358077e+01  -2.3593934299392654e+01
-1.4183433553194178e+01  -2.3654978329922105e+01
-1.4632757941571214e+01  -2.3711107819672833e+01
-1.5084466070063579e+01  -2.3765076397231404e+01
-1.5537266549330210e+01  -2.3820422086088644e+01
-1.5988873428123178e+01  -2.3881703337762939e+01
-1.6439124114893161e+01  -2.3954563877541830e+01
-1.6883087000013045e+01  -2.4042103244951349e+01
-1.7324754255597817e+01  -2.4148594470217319e+01
-1.7760557102957232e+01  -2.4275828416624197e+01
-1.8182763989094465e+01  -2.4423359128647753e+01
-1.8585792109632816e+01  -2.4589394064946042e+01
-1.8982773207637518e+01  -2.4775015775641013e+01
-1.9385372870102209e+01  -2.4978026172593715e+01
-1.9786544282369633e+01  -2.5187368011753062e+01
-2.0177225753380707e+01  -2.5389286582752135e+01
-2.0559987436098396e+01  -2.5574120347160257e+01
-2.0969651199030668e+01  -2.5746224156793357e+01
-2.1428798738961419e+01  -2.5910741314057734e+01
-2.1902659686126334e+01  -2.6058198393846027e+01
-2.2311515808105469e+01  -2.6168592453002930e+01
