-6.6410545259714127e-03  6.6732126288115978e-03
6.4644756415243876e-01   -2.9644817558662706e-01
1.2134304024975990e+00   -6.1752665696968123e-01
1.7031798321206486e+00   -9.5411783190611166e-01
2.1237878807045729e+00   -1.3027154736404527e+00
2.4824352843062951e+00   -1.6606748209926603e+00
2.7853247860140788e+00   -2.0273549607536614e+00
3.0376454880006385e+00   -2.4038013134821643e+00
3.2436039711523481e+00   -2.7913175649747988e+00
3.4065742663072918e+00   -3.1899031118987571e+00
3.5294600058385113e+00   -3.5981538396262582e+00
3.6149137691017090e+00   -4.0133892583709807e+00
3.6653561571535378e+00   -4.4319079670826254e+00
3.6831834239605818e+00   -4.8499631015826203e+00
3.6705298096250667e+00   -5.2652080893463724e+00
3.6292208103912902e+00   -5.6776592345790053e+00
3.5607056839345770e+00   -6.0891010424853995e+00
3.4661151692052017e+00   -6.5016932584133009e+00
3.3464948912187960e+00   -6.9168434751591388e+00
3.2031052859066440e+00   -7.3346446118049542e+00
3.0376524161068890e+00   -7.7537980871213534e+00
2.8523665975460055e+00   -8.1718466948828592e+00
2.6499296066742528e+00   -8.5856546894441106e+00
2.4333014546788450e+00   -8.9923870155075516e+00
2.2054941282697542e+00   -9.3902127322910989e+00
1.9693795882423659e+00   -9.7784683599983868e+00
1.7275821086230658e+00   -1.0157842132600958e+01
1.4824604698334871e+00   -1.0529978699730071e+01
1.2361694110178962e+00   -1.0896664331574808e+01
9.9075726246475093e-01   -1.1259031822689440e+01
7.4825249157021001e-01   -1.1617022828257401e+01
5.1065214701444361e-01   -1.1969713439518168e+01
2.7979487855354268e-01   -1.2316123614789850e+01
5.7193261754941993e-02   -1.2655804821594149e+01
-1.5609845718413373e-01  -1.2988994338089300e+01
-3.5948126933220814e-01  -1.3316131322827404e+01
-5.5283406750097364e-01  -1.3637861433903167e+01
-7.3652266208787009e-01  -1.3955098699271256e+01
-9.1128144721766269e-01  -1.4268657636855131e+01
-1.0781106609459297e+00  -1.4579121438849324e+01
-1.2381849405386356e+00  -1.4886797804648758e+01
-1.3927936060438817e+00  -1.5191764776787309e+01
-1.5433143094191015e+00  -1.5493978267677473e+01
-1.6912245996529645e+00  -1.5793406468035776e+01
-1.8380048863471998e+00  -1.6089863937291778e+01
-1.9850118435156763e+00  -1.6382843041910306e+01
-2.1335083217929869e+00  -1.6671696762818872e+01
-2.2847794638589956e+00  -1.6955923098951018e+01
-2.4403360829240754e+00  -1.7235488720446764e+01
-2.6017971074527715e+00  -1.7510585275039713e+01
-2.7705827364338145e+00  -1.7781200383600858e+01
-2.9479428409707751e+00  -1.8047217239470935e+01
-3.1351453968881957e+00  -1.8308647245354944e+01
-3.3330697575540538e+00  -1.8565184960523531e+01
-3.5418706028458669e+00  -1.8815997726176747e+01
-3.7611208859317227e+00  -1.9060042121356581e+01
-3.9900379434140514e+00  -1.9296396757973582e+01
-4.2284953586333156e+00  -1.9525069891633603e+01
-4.4771406210629578e+00  -1.9746927433107476e+01
-4.7366401736204811e+00  -1.9963082807158557e+01
-5.0077016997255059e+00  -2.0174844997919166e+01
-5.2917595483260582e+00  -2.0383888621670515e+01
-5.5903891133718675e+00  -2.0591678199698979e+01
-5.9031900774060020e+00  -2.0799544338624806e+01
-6.2284698322186092e+00  -2.1007787593904581e+01
-6.5641761396669462e+00  -2.1215969699873014e+01
-6.9085124651692640e+00  -2.1423101645380189e+01
-7.2610800023663096e+00  -2.1628009646279491e+01
-7.6249702128601244e+00  -2.1829816274296455e+01
-8.0035547000207750e+00  -2.2027184072857722e+01
-8.3951145919845693e+00  -2.2217372253969508e+01
-8.7950297605505607e+00  -2.2396731237954548e+01
-9.1991512518541310e+00  -2.2561289341984477e+01
-9.6053943991320541e+00  -2.2707313779031811e+01
-1.0015515101258702e+01  -2.2832307724150091e+01
-1.0433087854297392e+01  -2.2935778975966556e+01
-1.0858519763264388e+01  -2.3019530231301243e+01
-1.1290951632153424e+01  -2.3087997639554594e+01
-1.1728234003173593e+01  -2.3147433861636216e+01
-1.2158705589774474e+01  -2.3203653822289585e+01
-1.2570296335991779e+01  -2.3261441405491329e+01
-1.2975972401943487e+01  -2.3326243538293681e+01
-1.3406163870710333e+01  -2.3403613363760087e+01
-1.3861544041361739e+01  -2.3494630815429641e+01
-1.4314280053590906e+01  -2.3595775420452501e+01
-1.4743706981030442e+01  -2.3702784150239239e+01
-1.5148584097750652e+01  -2.3812439201644246e+01
-1.5551014360647654e+01  -2.3924321565000998e+01
-1.5970371431129159e+01  -2.4038545331094848e+01
-1.6403330810449802e+01  -2.4153317711312582e+01
-1.6836470326543502e+01  -2.4265741541078668e+01
-1.7254757064168679e+01  -2.4374168963625522e+01
-1.7662430810728534e+01  -2.4482167775907644e+01
-1.8073304827336042e+01  -2.4595334264450976e+01
-1.8492475554609623e+01  -2.4715670081181393e+01
-1.8910291933032720e+01  -2.4839922372778464e+01
-1.9322929852142614e+01  -2.4966976425126674e+01
-1.9737197120122929e+01  -2.5100926494876841e+01
-2.0155448600365570e+01  -2.5246107881351378e+01
-2.0579768906397163e+01  -2.5406522099632181e+01
-2.1007891035723478e+01  -2.5582233897622825e+01
-2.1438554827218255e+01  -2.5770416721467402e+01
-2.1871983798064811e+01  -2.5966830672288410e+01
-2.2311515808105469e+01  -2.6168592453002930e+01
