-6.6410545259714127e-03  6.6732126288115978e-03
6.5913173058386576e-01   -2.8994508532421404e-01
1.2598766066830849e+00   -5.9950242100585982e-01
1.7965375143487370e+00   -9.2241364451292318e-01
2.2701990612007887e+00   -1.2588496737365831e+00
2.6821263415114953e+00   -1.6085211144420621e+00
3.0338053444094646e+00   -1.9706739834091485e+00
3.3269390156037879e+00   -2.3441150103434314e+00
3.5634563232946821e+00   -2.7275387473211428e+00
3.7454805544542644e+00   -3.1196929828761588e+00
3.8752823401280621e+00   -3.5193130176448282e+00
3.9553359225746094e+00   -3.9253914642196746e+00
3.9884326437410622e+00   -4.3376015875259695e+00
3.9779384059552108e+00   -4.7559036044646241e+00
3.9275900990080013e+00   -5.1800349593109720e+00
3.8413930802124572e+00   -5.6086956770972396e+00
3.7235729915975408e+00   -6.0395361146690085e+00
3.5785388275761734e+00   -6.4698583282317976e+00
3.4107820768877413e+00   -6.8971906018814746e+00
3.2247145922420932e+00   -7.3192728123359601e+00
3.0245794485775921e+00   -7.7346896724713901e+00
2.8143534969219210e+00   -8.1431991230807199e+00
2.5976560947876561e+00   -8.5456020966897466e+00
2.3776609956181760e+00   -8.9431449511507477e+00
2.1570338235326632e+00   -9.3371996012686456e+00
1.9378678046425124e+00   -9.7288028344427762e+00
1.7216408964457892e+00   -1.0117868486198599e+01
1.5092233129655062e+00   -1.0502876393244895e+01
1.3009168190503135e+00   -1.0881413395424257e+01
1.0964869820886742e+00   -1.1251425957091715e+01
8.9521315238544896e-01   -1.1612147972977478e+01
6.9598858781606410e-01   -1.1964341541105464e+01
4.9754617292800862e-01   -1.2309415529252894e+01
2.9868094362063413e-01   -1.2648816236598879e+01
9.8457900676431453e-02   -1.2983464099937750e+01
-1.0360967538002919e-01  -1.3313295453038281e+01
-3.0748621002569287e-01  -1.3637277785221526e+01
-5.1267372314591453e-01  -1.3953869174658829e+01
-7.1848319034357822e-01  -1.4262052905772215e+01
-9.2431935254291442e-01  -1.4561988202917927e+01
-1.1297305938818363e+00  -1.4854668099696518e+01
-1.3341998560438817e+00  -1.5140958343824892e+01
-1.5368921473631323e+00  -1.5420914357669997e+01
-1.7368006952340191e+00  -1.5694333266617853e+01
-1.9334644667686476e+00  -1.5962359469327605e+01
-2.1273904121649680e+00  -1.6227891141666547e+01
-2.3195857973407774e+00  -1.6494088570851861e+01
-2.5105539904550649e+00  -1.6762346375613845e+01
-2.6995587096101716e+00  -1.7031325765162645e+01
-2.8852386510318730e+00  -1.7298322167739908e+01
-3.0670478948963389e+00  -1.7561429177221921e+01
-3.2458445905816760e+00  -1.7820117552609897e+01
-3.4237237879633300e+00  -1.8074867129512125e+01
-3.6039356747598643e+00  -1.8327012235680506e+01
-3.7906882851121022e+00  -1.8578471473310955e+01
-3.9881745282046719e+00  -1.8830811955875014e+01
-4.1994645848782852e+00  -1.9084428850127608e+01
-4.4254680864088893e+00  -1.9338015088969978e+01
-4.6648220576016541e+00  -1.9588850334678273e+01
-4.9155929867689796e+00  -1.9834136242532608e+01
-5.1762973713792535e+00  -2.0071578207409942e+01
-5.4460369922118614e+00  -2.0299414847833425e+01
-5.7253951835088914e+00  -2.0516824153592641e+01
-6.0160802017269859e+00  -2.0724721257131428e+01
-6.3213263585934261e+00  -2.0924680062833872e+01
-6.6436004017137602e+00  -2.1118085581316038e+01
-6.9831670443318616e+00  -2.1305698913007905e+01
-7.3374217506039194e+00  -2.1487463443619884e+01
-7.7013876589965991e+00  -2.1662651412140541e+01
-8.0711089354791490e+00  -2.1830668214684351e+01
-8.4469092401550405e+00  -2.1991749003961878e+01
-8.8308975707998894e+00  -2.2146662334985187e+01
-9.2237899046556446e+00  -2.2296369941769328e+01
-9.6251651405947616e+00  -2.2441949847375927e+01
-1.0033772361581272e+01  -2.2584183601530462e+01
-1.0447759418399565e+01  -2.2723070979598148e+01
-1.0865594715389937e+01  -2.2857698494736606e+01
-1.1287043713223371e+01  -2.2986568773168180e+01
-1.1712305496322397e+01  -2.3108108505152757e+01
-1.2142491695884093e+01  -2.3221341739045261e+01
-1.2578866172608295e+01  -2.3326107557491756e+01
-1.3021188008632940e+01  -2.3422739285859905e+01
-1.3465306341070136e+01  -2.3511404549139115e+01
-1.3908323077883651e+01  -2.3592399360580398e+01
-1.4349980851625574e+01  -2.3666515166546251e+01
-1.4791892329541184e+01  -2.3735520690079937e+01
-1.5237364500887859e+01  -2.3802718637755696e+01
-1.5683765348654246e+01  -2.3871930512754904e+01
-1.6127079910056771e+01  -2.3947632989023315e+01
-1.6566119559190952e+01  -2.4034926197488119e+01
-1.6997400602460555e+01  -2.4136135532549005e+01
-1.7427300470655190e+01  -2.4254390807345004e+01
-1.7853884029188617e+01  -2.4389965350904593e+01
-1.8268446738842695e+01  -2.4540399047547290e+01
-1.8665282413626041e+01  -2.4702716799778806e+01
-1.9057172082874029e+01  -2.4877741519888449e+01
-1.9456022613182348e+01  -2.5064369937852504e+01
-1.9853781301908512e+01  -2.5253398514072398e+01
-2.0241422697617462e+01  -2.5434163873477843e+01
-2.0620344649118721e+01  -2.5600101773399270e+01
-2.1020154810595304e+01  -2.5756907693322898e+01
-2.1460338655953606e+01  -2.5910520776872065e+01
-2.1914448531188590e+01  -2.6054259242082111e+01
-2.2311515808105469e+01  -2.6168592453002930e+01
