-6.6410545259714127e-03  6.6732126288115978e-03
6.5180929997320902e-01   -2.9402050820724779e-01
1.2334442117017006e+00   -6.1089592336048171e-01
1.7443177658517277e+00   -9.4223606320265096e-01
2.1899231679894240e+00   -1.2852485113029588e+00
2.5752142054336145e+00   -1.6378091083499906e+00
2.9046432712740886e+00   -1.9995023360988915e+00
3.1821502735383582e+00   -2.3712830756529559e+00
3.4111457134771772e+00   -2.7541561253175875e+00
3.5945801905321453e+00   -3.1478739695189963e+00
3.7351892519780376e+00   -3.5509595673465189e+00
3.8356209472175538e+00   -3.9609222996097655e+00
3.8984079340395241e+00   -4.3745402846256551e+00
3.9261374396923934e+00   -4.7886570720244386e+00
3.9212121635984554e+00   -5.2013800382561319e+00
3.8857851891296935e+00   -5.6127958210066939e+00
3.8216779453634100e+00   -6.0243559441329673e+00
3.7303966805119644e+00   -6.4375735617961745e+00
3.6133131762071993e+00   -6.8530639720520679e+00
3.4719267637966587e+00   -7.2702974340610425e+00
3.3080686758725140e+00   -7.6877419250024417e+00
3.1239759038814547e+00   -8.1031315993628397e+00
2.9222380754929174e+00   -8.5138526395688512e+00
2.7056572495854612e+00   -8.9176279046991791e+00
2.4770608768888338e+00   -9.3129921880720818e+00
2.2391418062408706e+00   -9.6994238540445981e+00
1.9943608161273383e+00   -1.0077498349699194e+01
1.7449255295907198e+00   -1.0448528341696891e+01
1.4928385151171699e+00   -1.0813899452705751e+01
1.2399792951905619e+00   -1.1174440717109110e+01
9.8818509570429280e-01   -1.1529955671227295e+01
7.3925604649335597e-01   -1.1879472961002543e+01
4.9485287744918782e-01   -1.2222011129142649e+01
2.5635502971453672e-01   -1.2557140120609194e+01
2.4759260806741512e-02   -1.2885057725483252e+01
-1.9930523059014271e-01  -1.3206126629557675e+01
-4.1559067741766065e-01  -1.3520874145904967e+01
-6.2424026672501609e-01  -1.3830070655285889e+01
-8.2570074062128818e-01  -1.4134468478177077e+01
-1.0206291336174385e+00  -1.4434652207482213e+01
-1.2097976324179081e+00  -1.4730930138642670e+01
-1.3940512640486424e+00  -1.5023397331318407e+01
-1.5743148043760717e+00  -1.5312083995111632e+01
-1.7516205556923932e+00  -1.5597078990342219e+01
-1.9270141713203444e+00  -1.5878331463727630e+01
-2.1014465368521629e+00  -1.6155495459331647e+01
-2.2758372993778258e+00  -1.6428155760545312e+01
-2.4511939631418325e+00  -1.6696093965202010e+01
-2.6287853464967683e+00  -1.6959554501086412e+01
-2.8100274836963628e+00  -1.7219009366378824e+01
-2.9961912044895396e+00  -1.7474748764929441e+01
-3.1884300588739123e+00  -1.7726973314614749e+01
-3.3879651734232299e+00  -1.7976010590977960e+01
-3.5956731596918101e+00  -1.8221849317112849e+01
-3.8117534010407521e+00  -1.8463914743517407e+01
-4.0359093848102017e+00  -1.8701395996755217e+01
-4.2676068797620133e+00  -1.8933574143363387e+01
-4.5069702855818630e+00  -1.9160515124136719e+01
-4.7548785961835023e+00  -1.9382986992989164e+01
-5.0122760121290870e+00  -1.9601901674663154e+01
-5.2801772999681207e+00  -1.9818266036904419e+01
-5.5602943278747032e+00  -2.0033351835650713e+01
-5.8545006322317308e+00  -2.0248186033094132e+01
-6.1627061973629722e+00  -2.0463646512966484e+01
-6.4834371641049007e+00  -2.0679584943953600e+01
-6.8146648977541044e+00  -2.0895143974079176e+01
-7.1545346895955335e+00  -2.1109035563141038e+01
-7.5026348586666636e+00  -2.1319982378823436e+01
-7.8619499358368090e+00  -2.1527215592514686e+01
-8.2358046752252427e+00  -2.1729808989888056e+01
-8.6226597341583364e+00  -2.1925802842214900e+01
-9.0178531419745109e+00  -2.2112611751145771e+01
-9.4171747904436085e+00  -2.2287548573551859e+01
-9.8187952398913314e+00  -2.2448203328287182e+01
-1.0224538338487095e+01  -2.2593041209371954e+01
-1.0637719778926604e+01  -2.2721815109732731e+01
-1.1058220238003463e+01  -2.2835629636589939e+01
-1.1484358094822797e+01  -2.2937268340962980e+01
-1.1914509127723459e+01  -2.3030799015902574e+01
-1.2339329240325316e+01  -2.3119820247040867e+01
-1.2748285818871418e+01  -2.3207128103451229e+01
-1.3152965771999639e+01  -2.3296578545007549e+01
-1.3579344689268073e+01  -2.3392638718145463e+01
-1.4025481371607711e+01  -2.3496261002464248e+01
-1.4466499349092615e+01  -2.3605094964291002e+01
-1.4886870304432847e+01  -2.3716888754960308e+01
-1.5288107842333782e+01  -2.3830526111892048e+01
-1.5689264592390513e+01  -2.3946871671049582e+01
-1.6104385560767831e+01  -2.4066434105966675e+01
-1.6528892524622165e+01  -2.4187574408013631e+01
-1.6951260408521346e+01  -2.4307153417757135e+01
-1.7359463947599160e+01  -2.4422876210405917e+01
-1.7758129286566241e+01  -2.4536944444456228e+01
-1.8160621221188276e+01  -2.4653865071946093e+01
-1.8571124479437199e+01  -2.4775301667256223e+01
-1.8979974531146734e+01  -2.4898678485830832e+01
-1.9383316152229590e+01  -2.5023735782579067e+01
-1.9788897473745365e+01  -2.5155266619007090e+01
-2.0199521109177521e+01  -2.5297395770831969e+01
-2.0616382728380501e+01  -2.5452956025260843e+01
-2.1035338020968229e+01  -2.5620583049234153e+01
-2.1455123964791497e+01  -2.5797275766496089e+01
-2.1878933222808463e+01  -2.5980400742555133e+01
-2.2311515808105469e+01  -2.6168592453002930e+01
