-6.6410545259714127e-03  6.6732126288115978e-03
6.5942313769217265e-01   -2.8843526986973100e-01
1.2617088534634804e+00   -5.9622558115352675e-01
1.8013569075066960e+00   -9.1706862779501241e-01
2.2796487815834792e+00   -1.2511010401134599e+00
2.6980391127364709e+00   -1.5980065868827817e+00
3.0581888893313396e+00   -1.9570262482902825e+00
3.3619510223634315e+00   -2.3270117555483569e+00
3.6113586689520307e+00   -2.7067338056669374e+00
3.8085665873216961e+00   -3.0950037257312308e+00
3.9557841349431255e+00   -3.4905856054210123e+00
4.0553241446968018e+00   -3.8924792694908232e+00
4.1097109297212873e+00   -4.3003399822632131e+00
4.1219310683850203e+00   -4.7140978304911592e+00
4.0952553421568050e+00   -5.1334978580422037e+00
4.0331595806854796e+00   -5.5573641868189956e+00
3.9392907841085272e+00   -5.9836140832664206e+00
3.8174340054173599e+00   -6.4098794258918623e+00
3.6714150686785127e+00   -6.8339746904930774e+00
3.5049517901180698e+00   -7.2538214883499066e+00
3.3215810488430950e+00   -7.6679470734609225e+00
3.1246017526515963e+00   -8.0758099626860513e+00
2.9170305368881810e+00   -8.4777563349137761e+00
2.7015683709538694e+00   -8.8745797911146607e+00
2.4805808887906893e+00   -9.2673371163366998e+00
2.2560623727997084e+00   -9.6569642171179471e+00
2.0296025391879464e+00   -1.0043489399704153e+01
1.8023889371071993e+00   -1.0425635121510657e+01
1.5752295387530342e+00   -1.0801219637413393e+01
1.3485604656302821e+00   -1.1168279027350810e+01
1.1224596454865690e+00   -1.1525976167118866e+01
8.9669873543531153e-01   -1.1874885787540629e+01
6.7090693790832479e-01   -1.2216224203588373e+01
4.4473613537592893e-01   -1.2551267125947863e+01
2.1800336042374591e-01   -1.2880873091989828e+01
-9.1928782189268921e-03  -1.3205087124552792e+01
-2.3642543331518262e-01  -1.3523077282587478e+01
-4.6300016586442039e-01  -1.3833506684243256e+01
-6.8821344833155429e-01  -1.4135513526413924e+01
-9.1161295357898620e-01  -1.4429353294957036e+01
-1.1330174324133304e+00  -1.4716065753514648e+01
-1.3522624475966161e+00  -1.4996501152596025e+01
-1.5688944771894873e+00  -1.5270613348253416e+01
-1.7822661645943707e+00  -1.5537995409371455e+01
-1.9921937577308668e+00  -1.5799454491529143e+01
-2.1993432319891868e+00  -1.6057447189582959e+01
-2.4047777624439268e+00  -1.6314707796353876e+01
-2.6090286122278310e+00  -1.6572409260898269e+01
-2.8114672646409944e+00  -1.6829364784270464e+01
-3.0109133756107305e+00  -1.7083330896244089e+01
-3.2069544205082163e+00  -1.7332946215567258e+01
-3.4004393695962634e+00  -1.7578157980771518e+01
-3.5932725378870360e+00  -1.7819786757417017e+01
-3.7882743636102671e+00  -1.8059292907277033e+01
-3.9889620630738332e+00  -1.8298488757465847e+01
-4.1987147036425991e+00  -1.8538742163127516e+01
-4.4198763623746231e+00  -1.8780327830029876e+01
-4.6529853336089015e+00  -1.9022070462042603e+01
-4.8968593634335633e+00  -1.9261708170567136e+01
-5.1501615826552101e+00  -1.9497075507437316e+01
-5.4122180390275689e+00  -1.9726538318193519e+01
-5.6829332686858605e+00  -1.9948904429418356e+01
-5.9632795857839769e+00  -2.0163661581804806e+01
-6.2547532926617393e+00  -2.0371758665446073e+01
-6.5600049331554988e+00  -2.0574653827849474e+01
-6.8810313318513945e+00  -2.0773623469723745e+01
-7.2178836981557142e+00  -2.0969343912273576e+01
-7.5681587215054087e+00  -2.1161722808224834e+01
-7.9274586590957812e+00  -2.1350015394341163e+01
-8.2923876029291002e+00  -2.1533518556481226e+01
-8.6634253772781484e+00  -2.1712172046736079e+01
-9.0426840793600700e+00  -2.1886285821980884e+01
-9.4309029322282765e+00  -2.2056226046620097e+01
-9.8274376749651839e+00  -2.2222361806070385e+01
-1.0231043231790013e+01  -2.2384830741079718e+01
-1.0639862089069121e+01  -2.2543144822600468e+01
-1.1052228779110640e+01  -2.2696122342888767e+01
-1.1468149446141156e+01  -2.2842258417981718e+01
-1.1888157199012522e+01  -2.2980115398310716e+01
-1.2313300487998351e+01  -2.3108844290124058e+01
-1.2744693446930805e+01  -2.3228375371174312e+01
-1.3181509482708258e+01  -2.3339075345430217e+01
-1.3619362413305243e+01  -2.3441229497449967e+01
-1.4055629281725814e+01  -2.3535404683990432e+01
-1.4490346809839380e+01  -2.3622754151607896e+01
-1.4925617495861985e+01  -2.3705442755814801e+01
-1.5364406198389995e+01  -2.3786948917678181e+01
-1.5803458270292735e+01  -2.3870998772947775e+01
-1.6238376921432199e+01  -2.3961704215143310e+01
-1.6667835958383762e+01  -2.4063458464104940e+01
-1.7089296898008040e+01  -2.4177746250322443e+01
-1.7509793418233620e+01  -2.4306777329638095e+01
-1.7928459453382953e+01  -2.4450030143537649e+01
-1.8336508567455976e+01  -2.4604096385651538e+01
-1.8728439972067203e+01  -2.4765521021885739e+01
-1.9116253518077581e+01  -2.4934982006033469e+01
-1.9511244170799536e+01  -2.5112030050233486e+01
-1.9905088980131168e+01  -2.5288963413516978e+01
-2.0289696380211762e+01  -2.5457542484088805e+01
-2.0665826211733162e+01  -2.5613222663062967e+01
-2.1058373547243864e+01  -2.5761886588510276e+01
-2.1483874145989617e+01  -2.5909343704347041e+01
-2.1922466309585197e+01  -2.6050959052110187e+01
-2.2311515808105469e+01  -2.6168592453002930e+01
