-4.2590417377756200e-03  4.4240002297733956e-03   -1.5451525047204708e-04
2.6385528257711560e-01   -1.2800349169843717e-01  -8.1189571967284505e-02
5.2037024959936140e-01   -2.8169930561281514e-01  -1.6222462868409696e-01
7.6360232908797543e-01   -4.5565472239789695e-01  -2.4325968540090942e-01
9.9195516755859525e-01   -6.4872805738654316e-01  -3.2429474211772180e-01
1.1469113414022380e+00   -7.8158579235281278e-01  -3.7075480497685842e-01
1.3078869946701182e+00   -9.1526615525860522e-01  -4.0965155955059007e-01
1.4831174690796975e+00   -1.0704194384218113e+00  -4.5205990565199344e-01
1.6893587890245054e+00   -1.2650994132837785e+00  -5.0149143480874026e-01
1.8857287771370488e+00   -1.4697322611687464e+00  -5.5092296396548690e-01
2.0717477057450968e+00   -1.6838180684151556e+00  -6.0035449312223355e-01
2.2148505972161971e+00   -1.8854891307247161e+00  -6.5254325017098469e-01
2.3046058223320562e+00   -2.1058198611351440e+00  -7.2948086728133155e-01
2.3771605277315802e+00   -2.3323975430086672e+00  -8.0641848439167840e-01
2.5716226181925639e+00   -2.4630043583683596e+00  -7.7770733338316167e-01
2.7697539205040456e+00   -2.5879748824498914e+00  -7.4899618237464494e-01
2.9713911202707148e+00   -2.7072061053535958e+00  -7.2028503136612820e-01
3.1763680132786596e+00   -2.8205997479340601e+00  -6.9157388035761147e-01
3.3845156424931071e+00   -2.9280623428090280e+00  -6.6286272934909474e-01
3.5480784713346627e+00   -3.1308279713294542e+00  -7.0096159664820568e-01
3.6730408627332496e+00   -3.3911190632812800e+00  -7.7246547310113045e-01
3.7698191302523183e+00   -3.6586642628646726e+00  -8.4866867887779951e-01
3.8410148556144339e+00   -3.9321865659851154e+00  -9.2722154931634071e-01
3.8905271632473721e+00   -4.2104522897223564e+00  -1.0057744197548819e+00
3.9180506918793743e+00   -4.4917452633029153e+00  -1.0843272901934231e+00
3.9234156934193463e+00   -4.7743306457497523e+00  -1.1628801606319643e+00
3.9602594805614619e+00   -4.9703389245359730e+00  -1.1895369709680264e+00
4.0400935810540632e+00   -5.1740498604978811e+00  -1.1904820113477896e+00
4.1440420157511397e+00   -5.4303898065749179e+00  -1.1895970180240061e+00
4.2475974388486604e+00   -5.6641295623430432e+00  -1.1844613070557768e+00
4.3523519108352104e+00   -5.8973344072289677e+00  -1.1793255960875475e+00
4.4583026687624443e+00   -6.1299981903454945e+00  -1.1741898851193182e+00
4.5261023054105554e+00   -6.3423906163119392e+00  -1.1876092659182560e+00
4.5024326003562125e+00   -6.5719042626469024e+00  -1.2549820183626186e+00
4.4633653236478592e+00   -6.7993037276461035e+00  -1.3223547708069812e+00
4.4158432436584061e+00   -6.9941093759424842e+00  -1.3813918782768733e+00
4.3527983017227854e+00   -7.2471677716453353e+00  -1.4476774750859223e+00
4.2781067640268526e+00   -7.4843152670166226e+00  -1.5103415388595840e+00
4.1887109252134858e+00   -7.7163198884514381e+00  -1.5730056026332457e+00
4.0849617086557100e+00   -7.9422709017881905e+00  -1.6356696664069075e+00
3.9672663819121339e+00   -8.1612813363044037e+00  -1.6983337301805692e+00
3.9723275292985947e+00   -8.4053159639871229e+00  -1.6780044921481707e+00
3.9823483272176348e+00   -8.6491972841618665e+00  -1.6576752541157722e+00
4.0477477256246379e+00   -8.8409303900621961e+00  -1.6081390447355739e+00
4.1225607481808160e+00   -9.0291899897276409e+00  -1.5586028353553756e+00
4.1640565559254910e+00   -9.2463368614340720e+00  -1.5363373025248057e+00
4.1992301786676096e+00   -9.5019391622586422e+00  -1.5215150817965253e+00
4.2381883926876318e+00   -9.7569920538007491e+00  -1.5066928610682448e+00
4.2809226390916981e+00   -1.0011439502418131e+01  -1.4918706403399644e+00
4.3274235294135153e+00   -1.0265225607480835e+01  -1.4770484196116840e+00
4.3776808476769489e+00   -1.0518294613652248e+01  -1.4622261988834035e+00
4.4316835526404139e+00   -1.0770590923138235e+01  -1.4474039781551231e+00
4.4434325462703992e+00   -1.0974887147145113e+01  -1.4549543570425283e+00
4.5002747103020120e+00   -1.1201353143593588e+01  -1.4373075534303372e+00
4.5777783548585518e+00   -1.1433482412810172e+01  -1.4112616889849474e+00
4.7105334383218054e+00   -1.1663827613069349e+01  -1.3555126244652995e+00
4.8559171552272442e+00   -1.1886417815743540e+01  -1.2997635599456516e+00
5.0134777760750691e+00   -1.2100561398943752e+01  -1.2440144954260037e+00
5.0547878801404780e+00   -1.2297414232157932e+01  -1.2577247051556433e+00
5.0933952926613912e+00   -1.2494814916910505e+01  -1.2714349148852828e+00
5.1292927567219104e+00   -1.2692726348405426e+01  -1.2851451246149224e+00
5.1220998784812375e+00   -1.2914340405662905e+01  -1.3255164899982714e+00
5.1409530531950995e+00   -1.3133697173162771e+01  -1.3451442789106645e+00
5.2519284532816446e+00   -1.3369908055482899e+01  -1.3131457503629951e+00
5.3680911516978691e+00   -1.3539278670069322e+01  -1.2717985747937846e+00
5.4911555703618564e+00   -1.3703702897139472e+01  -1.2304513992245740e+00
5.6209113496776801e+00   -1.3862899678899860e+01  -1.1891042236553635e+00
5.7571366922029767e+00   -1.4016596893066504e+01  -1.1477570480861530e+00
5.8995987417773739e+00   -1.4164531818015899e+01  -1.1064098725169424e+00
6.0087733448031146e+00   -1.4335601620880430e+01  -1.0943644546647662e+00
6.1060938271482108e+00   -1.4542417178487916e+01  -1.0990732174713227e+00
6.2161309073370434e+00   -1.4780835737905459e+01  -1.1048171143403025e+00
6.3247967282531485e+00   -1.5019882402504336e+01  -1.1105610112092823e+00
6.4155584777817660e+00   -1.5231584779919423e+01  -1.1176638377873982e+00
6.5048142652188154e+00   -1.5443926476695371e+01  -1.1247666643655141e+00
6.6261515713596539e+00   -1.5610348440987071e+01  -1.1013861442227462e+00
6.7760309036192092e+00   -1.5743459922437854e+01  -1.0575822478028214e+00
6.8207257109679871e+00   -1.5956766957060081e+01  -1.1016787894164024e+00
6.8111847510650030e+00   -1.6218525368343894e+01  -1.1816930156980383e+00
6.7807522615335154e+00   -1.6478683703545006e+01  -1.2617072419796742e+00
6.7702457104443727e+00   -1.6683043756336712e+01  -1.3047301444915809e+00
6.7509594309704646e+00   -1.6886762823232456e+01  -1.3477530470034875e+00
6.7229291159331801e+00   -1.7089463884482093e+01  -1.3907759495153942e+00
6.7104109475530507e+00   -1.7299459791276718e+01  -1.4196706806552666e+00
6.7304012933014592e+00   -1.7522120518727110e+01  -1.4273731547370876e+00
6.8131703628214622e+00   -1.7741934330928416e+01  -1.3959848749504773e+00
6.9204292652055202e+00   -1.7912029666875039e+01  -1.3500258490580257e+00
7.0353895738878673e+00   -1.8077017614553309e+01  -1.3040668231655741e+00
7.1578085087572703e+00   -1.8236549742467624e+01  -1.2581077972731225e+00
7.2874275381260114e+00   -1.8390289141051504e+01  -1.2121487713806709e+00
7.3389078177176978e+00   -1.8628603329526815e+01  -1.2322428595977608e+00
7.3855893204263268e+00   -1.8867903786944574e+01  -1.2523369478148507e+00
7.4274531981845930e+00   -1.9108093893640337e+01  -1.2724310360319406e+00
7.4644825480836410e+00   -1.9349076670745958e+01  -1.2925251242490305e+00
7.5532874128578964e+00   -1.9540955814428060e+01  -1.2722562451663011e+00
7.6835138338179734e+00   -1.9714717282051506e+01  -1.2291091915848193e+00
7.7658547156412654e+00   -1.9912910858651184e+01  -1.2233834263112346e+00
7.8055660354112266e+00   -2.0109442283546464e+01  -1.2400831805740709e+00
7.8655001433360541e+00   -2.0351543522895117e+01  -1.2523523404102017e+00
7.9224594360287472e+00   -2.0594361863147345e+01  -1.2646215002463326e+00
7.9764353393844916e+00   -2.0837860752762538e+01  -1.2768906600824634e+00
8.0381945210273908e+00   -2.1121194046147341e+01  -1.2897109591864837e+00
8.0963163093040542e+00   -2.1405295805003217e+01  -1.3025312582905040e+00
8.1507911514441815e+00   -2.1690119334985003e+01  -1.3153515573945243e+00
8.2016100940815910e+00   -2.1975617823118817e+01  -1.3281718564985445e+00
8.2297080172316495e+00   -2.2180170087849536e+01  -1.3413121195653965e+00
8.2769307264088656e+00   -2.2366186900459002e+01  -1.3397934249196610e+00
8.3692528101563557e+00   -2.2547040990399200e+01  -1.3119442292296024e+00
8.4343262762779858e+00   -2.2730668593206197e+01  -1.3039089217084894e+00
8.4136529704125067e+00   -2.2940359372839406e+01  -1.3483725783884011e+00
8.4610135679723584e+00   -2.3147209249640824e+01  -1.3480125148923388e+00
8.5232524764638580e+00   -2.3388110556553961e+01  -1.3438571307989349e+00
8.5444732914598802e+00   -2.3588010547271960e+01  -1.3584631816694694e+00
8.5710002826411422e+00   -2.3859973212367120e+01  -1.3747530501541581e+00
8.6901043855043500e+00   -2.4129675410749076e+01  -1.3382145819417692e+00
8.7937075900407198e+00   -2.4397539898788413e+01  -1.3167231225948237e+00
8.8484307783723342e+00   -2.4669532137240331e+01  -1.3253256809787648e+00
8.9008121415968162e+00   -2.4941985065112299e+01  -1.3339282393627059e+00
8.9508478033071057e+00   -2.5214878519919253e+01  -1.3425307977466470e+00
8.9985340606863851e+00   -2.5488192306575581e+01  -1.3511333561305880e+00
9.0438673847821196e+00   -2.5761906198889605e+01  -1.3597359145145291e+00
9.0868444207671928e+00   -2.6035999941060414e+01  -1.3683384728984702e+00
9.2170414028081957e+00   -2.6258554914350668e+01  -1.3196434809412048e+00
9.3579170838930157e+00   -2.6474508642606743e+01  -1.2709484889839393e+00
9.4283504526790516e+00   -2.6684385035512797e+01  -1.2679760483348081e+00
9.4994073545146147e+00   -2.6894051142548093e+01  -1.2650036076856770e+00
9.5710871615837760e+00   -2.7103505111229360e+01  -1.2620311670365458e+00
9.6433892405669912e+00   -2.7312745090947651e+01  -1.2590587263874147e+00
9.7333831700048865e+00   -2.7511869027168885e+01  -1.2439202108331400e+00
9.8801959992680732e+00   -2.7676541852529418e+01  -1.1922834705634346e+00
1.0035312534282600e+01   -2.7833417621256050e+01  -1.1406467302937293e+00
1.0222007769244343e+01   -2.7975076685072647e+01  -1.0702946949843097e+00
1.0452561499847421e+01   -2.8114430512619357e+01  -9.8413041962131975e-01
1.0694252381287699e+01   -2.8233426435976160e+01  -8.9796614425832955e-01
1.0945287142111667e+01   -2.8331181542262069e+01  -8.1180186889533934e-01
1.1203803182175948e+01   -2.8406970518877401e+01  -7.2563759353234913e-01
1.1290171961614629e+01   -2.8593663057925792e+01  -7.7545252298310152e-01
1.1367137370234197e+01   -2.8784424678997965e+01  -8.2526745243385391e-01
1.1521528863096256e+01   -2.8911858306957892e+01  -8.0496128149588864e-01
1.1775218312300584e+01   -2.8985241116652155e+01  -7.2165042866217033e-01
1.2034134394468110e+01   -2.9037258765495974e+01  -6.3833957582845202e-01
1.2296481090376293e+01   -2.9067550423461125e+01  -5.5502872299473371e-01
1.2498882084674168e+01   -2.9139869269929864e+01  -5.2661665962545712e-01
1.2659990879679130e+01   -2.9296039113647922e+01  -5.5751784006981642e-01
1.2810060392267328e+01   -2.9480249770610406e+01  -6.0459785738624106e-01
1.2913402650185528e+01   -2.9694590771489533e+01  -6.7962109409760219e-01
1.3000388739234197e+01   -2.9916074647294334e+01  -7.5464433080896332e-01
1.3070529289024016e+01   -3.0143455363725348e+01  -8.2966756752032444e-01
1.3123429699584657e+01   -3.0375453711762599e+01  -9.0469080423168557e-01
1.3158792361323663e+01   -3.0610764504299258e+01  -9.7971404094304670e-01
1.3193259655509896e+01   -3.0821379112411915e+01  -1.0338959060426054e+00
1.3240030498101611e+01   -3.1033825297073449e+01  -1.0737979565750926e+00
1.3362943851644541e+01   -3.1239546402401100e+01  -1.0671791454765291e+00
1.3492786419722526e+01   -3.1393685131368098e+01  -1.0445165488379411e+00
1.3626088530927941e+01   -3.1544841961848324e+01  -1.0218539521993530e+00
1.3787731202109168e+01   -3.1744649668993290e+01  -1.0029830812323748e+00
1.3953115414552888e+01   -3.1941371643504276e+01  -9.8411221026539653e-01
1.4046998985805315e+01   -3.2126670660640769e+01  -1.0015131810675320e+00
1.4061144610067709e+01   -3.2347836685884012e+01  -1.0686041967815945e+00
1.4084122901069291e+01   -3.2559458816585831e+01  -1.1176820886675529e+00
1.4115112306516455e+01   -3.2775702263741138e+01  -1.1566046884681365e+00
1.4146782754676682e+01   -3.3016929743756094e+01  -1.1957528992330135e+00
1.4185005346486218e+01   -3.3276184763186983e+01  -1.2297919605263943e+00
1.4214382703541196e+01   -3.3536590413120337e+01  -1.2638310218197750e+00
1.4234880790827274e+01   -3.3797845001677864e+01  -1.2978700831131558e+00
1.4246475860371030e+01   -3.4059645853446952e+01  -1.3319091444065365e+00
1.4249154478753059e+01   -3.4321689660144067e+01  -1.3659482056999173e+00
1.4278220966078116e+01   -3.4548455653847668e+01  -1.3745802235866871e+00
1.4414391627410462e+01   -3.4752110342871987e+01  -1.3183374650180844e+00
1.4561795038498191e+01   -3.4947788435076973e+01  -1.2620947064494816e+00
1.4654472899247160e+01   -3.5146618164874461e+01  -1.2461275974854211e+00
1.4730733106518162e+01   -3.5358165737056396e+01  -1.2434586104347474e+00
1.4859902389346429e+01   -3.5588689401915993e+01  -1.2149261575067443e+00
1.5011466272655914e+01   -3.5793497631415484e+01  -1.1738432555044584e+00
1.5171314018550412e+01   -3.5991908114321539e+01  -1.1327603535021726e+00
1.5339175873175417e+01   -3.6183586019559513e+01  -1.0916774514998868e+00
1.5514768558327313e+01   -3.6368207877733759e+01  -1.0505945494976010e+00
1.5697795749504451e+01   -3.6545462127004051e+01  -1.0095116474953152e+00
1.5855885682576295e+01   -3.6681103845346740e+01  -9.7282568707841288e-01
1.6052558970088580e+01   -3.6805035742745631e+01  -9.1704153258614096e-01
1.6255836176958155e+01   -3.6917809296299126e+01  -8.6125737809386904e-01
1.6465084894581992e+01   -3.7019073660152145e+01  -8.0547322360159712e-01
1.6655603854985401e+01   -3.7098788162478904e+01  -7.5593973806983850e-01
1.6848480493630227e+01   -3.7168431320109740e+01  -7.0676225018685557e-01
1.7040212174812908e+01   -3.7292466220087022e+01  -6.8977922193202612e-01
1.7234022593675306e+01   -3.7413227205185258e+01  -6.7279619367719667e-01
1.7402233468240677e+01   -3.7528062532671512e+01  -6.6452890412859278e-01
1.7555078351160269e+01   -3.7686666393067505e+01  -6.8175584383004317e-01
1.7766115667065467e+01   -3.7798596703496578e+01  -6.5461467981972044e-01
1.7954419672025583e+01   -3.7878223331336102e+01  -6.2460235919248930e-01
1.8145028298073854e+01   -3.7952163508649285e+01  -5.9459003856525816e-01
1.8337769869399668e+01   -3.8020350639604978e+01  -5.6457771793802702e-01
1.8437684929622360e+01   -3.8198917633891497e+01  -6.2655118676534405e-01
1.8526348845223495e+01   -3.8383329945785526e+01  -6.8852465559266107e-01
1.8603421192718049e+01   -3.8572879527582749e+01  -7.5049812441997810e-01
1.8715737366653173e+01   -3.8751525150028229e+01  -7.8200099606922902e-01
1.8822370892889996e+01   -3.8933619829875440e+01  -8.1350386771847993e-01
1.8923215953771571e+01   -3.9118982865678561e+01  -8.4500673936773085e-01
1.9018172475817877e+01   -3.9307430312642502e+01  -8.7650961101698177e-01
1.9407447814941406e+01   -4.6664272308349609e+01  -2.7345542907714844e+00
