-4.0696302151662393e-03  3.8360329788493450e-03   -1.5274417336400188e-04
2.2556445610907316e-01   -6.2207832539148050e-02  -3.8058859414248219e-02
4.8758162313291387e-01   -1.1129661784107849e-01  -5.9984691918249455e-02
7.4845958508594534e-01   -1.6611808831434205e-01  -8.1910524422250663e-02
1.0080729319650858e+00   -2.2664589002421182e-01  -1.0383635692625187e-01
1.2669665014083755e+00   -1.9027932929014124e-01  -6.7612897699655269e-02
1.5243732026850856e+00   -1.4456065502507984e-01  -3.1389438473058667e-02
1.7244981201195819e+00   -1.1004728465509260e-01  -7.7810375897654424e-03
1.9394971029334838e+00   -1.3792935174212689e-01  -2.3601406419497688e-02
2.1400109960610552e+00   -2.0915456628385903e-01  -6.2953933892126668e-02
2.3375674803378530e+00   -2.8821332951654782e-01  -1.0230646136475564e-01
2.5318606550410565e+00   -3.7498322514539684e-01  -1.4165898883738465e-01
2.7225896724267997e+00   -4.6932989679182879e-01  -1.8101151631001366e-01
2.9094592035693094e+00   -5.7110725603380086e-01  -2.2036404378264268e-01
3.0921798956545850e+00   -6.8015770861226943e-01  -2.5971657125527170e-01
3.3211165218772716e+00   -8.2206086412666557e-01  -3.0521009520972359e-01
3.5680871395327403e+00   -9.8812894489112557e-01  -3.5377411740508691e-01
3.8067048145453715e+00   -1.1659904039132569e+00  -4.0233813960045023e-01
4.0364068862564313e+00   -1.3552258437377314e+00  -4.5090216179581355e-01
4.2566517170065357e+00   -1.5553890470538578e+00  -4.9946618399117687e-01
4.4669199693176624e+00   -1.7660080288763407e+00  -5.4803020618654008e-01
4.6667158304913183e+00   -1.9865861494862331e+00  -5.9659422838190324e-01
4.8433782826275511e+00   -2.0934824840063877e+00  -5.9051480033526405e-01
5.0206873346717558e+00   -2.1993028430674721e+00  -5.8443537228862485e-01
5.2007173393806934e+00   -2.2911241386443546e+00  -5.7078055721353338e-01
5.4093298105024319e+00   -2.3288587077237226e+00  -5.2242855770574270e-01
5.6416508205387936e+00   -2.3995737872992908e+00  -4.9120343019296853e-01
5.8353911234823546e+00   -2.4944624705535716e+00  -4.8670045846954935e-01
6.0590214269937670e+00   -2.5769988235355794e+00  -4.6909247513100000e-01
6.2620358543140497e+00   -2.6566434868554669e+00  -4.5744179449032119e-01
6.4659643969124883e+00   -2.7339175420693436e+00  -4.4579111384964237e-01
6.6621963267422828e+00   -2.8628243000683691e+00  -4.6685213582110718e-01
6.8019073032273338e+00   -3.0362073931319649e+00  -5.2295499653285138e-01
6.9316762795644227e+00   -3.2171517677091539e+00  -5.7905785724459558e-01
7.1145254524620976e+00   -3.4189305137479553e+00  -6.1865205476651119e-01
7.2892441374884536e+00   -3.6277889909161463e+00  -6.5824625228842681e-01
7.4555584638593162e+00   -3.8433998144528165e+00  -6.9784044981034243e-01
7.6132077345864024e+00   -4.0654250153232869e+00  -7.3743464733225805e-01
7.7619448351187303e+00   -4.2935165699841109e+00  -7.7702884485417367e-01
7.9015366206936024e+00   -4.5273169459084750e+00  -8.1662304237608929e-01
7.9935789401153095e+00   -4.7171916387024675e+00  -8.5315078229963537e-01
8.0855416363258037e+00   -4.8918423130342941e+00  -8.7932990498737362e-01
8.2336910610574172e+00   -5.0582689801492782e+00  -8.7539650636601962e-01
8.3558837235752144e+00   -5.2487720092438277e+00  -8.9121971988766036e-01
8.4564591560323024e+00   -5.4906856805699009e+00  -9.3408618899544416e-01
8.5465753878977928e+00   -5.7366871170347213e+00  -9.7695265810322796e-01
8.6260668528711602e+00   -5.9863243518070552e+00  -1.0198191272110118e+00
8.6947875050347498e+00   -6.2391387381750008e+00  -1.0626855963187956e+00
8.7526110871770335e+00   -6.4946657921959483e+00  -1.1055520654265794e+00
8.7994313627590444e+00   -6.7524360460710113e+00  -1.1484185345343632e+00
8.8334392100598187e+00   -7.0061237480096521e+00  -1.1906706499560278e+00
8.8539614489286542e+00   -7.2300366995542316e+00  -1.2279550398036767e+00
8.8661229015262926e+00   -7.4545590174389149e+00  -1.2652394296513256e+00
8.8882025114021772e+00   -7.6733001097946767e+00  -1.2908374283952615e+00
8.9632104145414466e+00   -7.8734080589265147e+00  -1.2813762538280582e+00
9.0401081885773458e+00   -8.0727973996331439e+00  -1.2719150792608549e+00
9.1188889501473955e+00   -8.2714502839453115e+00  -1.2624539046936516e+00
9.2590125748105780e+00   -8.4576813414386507e+00  -1.2149475232874478e+00
9.4504708294769610e+00   -8.6521990944054306e+00  -1.1472358916408434e+00
9.6533334034844263e+00   -8.8242939650161691e+00  -1.0768471661691892e+00
9.8648675948645081e+00   -8.9631867719419365e+00  -1.0011042530474354e+00
1.0086305381329447e+01   -9.0856744556658526e+00  -9.2536133992568137e-01
1.0193008096483753e+01   -9.2616010089868439e+00  -9.3920960267465925e-01
1.0229135231535809e+01   -9.4719009732209472e+00  -9.9785345335900311e-01
1.0252874529993276e+01   -9.6839568398049227e+00  -1.0564973040433470e+00
1.0423802725004110e+01   -9.8255071681985200e+00  -1.0049112666616695e+00
1.0636253510090299e+01   -9.9707913158248953e+00  -9.4257682616718885e-01
1.0789055084856242e+01   -1.0169255143805524e+01  -9.3867911417220518e-01
1.0942629051814990e+01   -1.0367121889218261e+01  -9.3478140217722150e-01
1.1084295422495115e+01   -1.0506997770221405e+01  -9.1581471319639152e-01
1.1282138167833349e+01   -1.0623823160859722e+01  -8.6476121424637709e-01
1.1485684888917980e+01   -1.0730400157047745e+01  -8.1370771529636265e-01
1.1684893536053970e+01   -1.0861509278019414e+01  -7.8236256591232500e-01
1.1877235441994925e+01   -1.1023339336342366e+01  -7.7072576609426413e-01
1.2071447466574273e+01   -1.1182920243930337e+01  -7.5908896627620326e-01
1.2267503310846115e+01   -1.1340230391361025e+01  -7.4745216645814239e-01
1.2465376426186324e+01   -1.1495248476703896e+01  -7.3581536664008151e-01
1.2646856904367709e+01   -1.1600824397108948e+01  -7.1084086512246480e-01
1.2874855360394557e+01   -1.1729903702479618e+01  -6.8096640677770004e-01
1.3078543717749135e+01   -1.1822778537805862e+01  -6.4841681726832745e-01
1.3231660114200784e+01   -1.2003980573580050e+01  -6.8241056844912784e-01
1.3345541250340265e+01   -1.2238289613657091e+01  -7.4967598997501472e-01
1.3494738973915734e+01   -1.2488553776730091e+01  -7.9671654413674098e-01
1.3632003430893405e+01   -1.2745556852371914e+01  -8.4375709829846723e-01
1.3757030936603435e+01   -1.3008730245507808e+01  -8.9079765246019349e-01
1.3869544879476962e+01   -1.3277491709817303e+01  -9.3783820662191975e-01
1.3969296333023133e+01   -1.3551246635899295e+01  -9.8487876078364600e-01
1.4056064606555486e+01   -1.3829389366789295e+01  -1.0319193149453723e+00
1.4167667297275466e+01   -1.4084649375018104e+01  -1.0516989403841446e+00
1.4274199539207871e+01   -1.4342066767215616e+01  -1.0714785658229169e+00
1.4375619654720868e+01   -1.4601540836336676e+01  -1.0912581912616892e+00
1.4471887966152959e+01   -1.4862970070721291e+01  -1.1110378167004615e+00
1.4541737664011237e+01   -1.5061050009287875e+01  -1.1254734906084181e+00
1.4617420967986240e+01   -1.5266348189640063e+01  -1.1367168031473929e+00
1.4749581276707380e+01   -1.5470624366134214e+01  -1.1148456155923447e+00
1.4939203685497231e+01   -1.5642480040502216e+01  -1.0586106709944987e+00
1.5138185546734400e+01   -1.5803406264674470e+01  -1.0023757263966526e+00
1.5345897772160875e+01   -1.5952894264648142e+01  -9.4614078179880656e-01
1.5504140216632154e+01   -1.6118720480624610e+01  -9.2841719037449111e-01
1.5665296689975969e+01   -1.6281716174545352e+01  -9.1069359895017565e-01
1.5829316570128613e+01   -1.6441830146615352e+01  -8.9297000752586020e-01
1.5996148335580280e+01   -1.6599012102238763e+01  -8.7524641610154474e-01
1.6102430088608955e+01   -1.6812592570467917e+01  -9.0880844265535543e-01
1.6173196626685403e+01   -1.7034247545307746e+01  -9.5629959816771737e-01
1.6233360681645266e+01   -1.7259012127200354e+01  -1.0037907536800794e+00
1.6323416004637533e+01   -1.7526800878618491e+01  -1.0426430847636703e+00
1.6403001766866705e+01   -1.7797885520447810e+01  -1.0814954158472612e+00
1.6466317333572679e+01   -1.7996924439409469e+01  -1.1030956208689655e+00
1.6614717327603497e+01   -1.8143937566158897e+01  -1.0643834795627594e+00
1.6821644838978663e+01   -1.8301891430843128e+01  -1.0018912506810074e+00
1.7006545940609715e+01   -1.8460635052162392e+01  -9.6085589714297581e-01
1.7197803659174344e+01   -1.8611659685197480e+01  -9.1982054360494425e-01
1.7444730354181427e+01   -1.8743940997828282e+01  -8.4926458759021195e-01
1.7700368178634172e+01   -1.8858485491748848e+01  -7.7870863157547965e-01
1.7919390824366154e+01   -1.8964214955330686e+01  -7.3151865742069644e-01
1.8096989136023737e+01   -1.9122168976707108e+01  -7.3090797684084974e-01
1.8274683874012748e+01   -1.9280014512797376e+01  -7.3029729626100304e-01
1.8378084892053582e+01   -1.9464029773414339e+01  -7.7041602214443983e-01
1.8474022231057351e+01   -1.9652044170886146e+01  -8.1053474802787662e-01
1.8572034990011485e+01   -1.9893986155844662e+01  -8.6777874069554772e-01
1.8651756753048947e+01   -2.0146929056200779e+01  -9.2957349416699231e-01
1.8701784596435285e+01   -2.0372222280240784e+01  -9.8811455531361625e-01
1.8714879348214104e+01   -2.0589502861630393e+01  -1.0574927906429266e+00
1.8712880144819589e+01   -2.0807168492263582e+01  -1.1268710259722368e+00
1.8695796605237256e+01   -2.1024171893731154e+01  -1.1962492613015470e+00
1.8663710925365958e+01   -2.1239468973879383e+01  -1.2656274966308572e+00
1.8615259499271996e+01   -2.1468257547199837e+01  -1.3389798923245886e+00
1.8539858618401649e+01   -2.1726601786909697e+01  -1.4229916476166944e+00
1.8443045238768367e+01   -2.1977707757669599e+01  -1.5070034029088002e+00
1.8355633619140747e+01   -2.2171101634032258e+01  -1.5702637208608887e+00
1.8270271443614693e+01   -2.2384911175571514e+01  -1.6210310884956813e+00
1.8174169361942653e+01   -2.2594113496213680e+01  -1.6717984561304740e+00
1.8118921453580171e+01   -2.2794193776819849e+01  -1.6900494274653730e+00
1.8207847626852089e+01   -2.3005441099860604e+01  -1.6180036909912761e+00
1.8270687749540169e+01   -2.3191810523922971e+01  -1.5728380371591446e+00
1.8182434988306145e+01   -2.3383756054837928e+01  -1.6260499282997922e+00
1.8166488366126220e+01   -2.3615004803649136e+01  -1.6278042159352144e+00
1.8150136091871694e+01   -2.3846225221675748e+01  -1.6295585035706366e+00
1.8145235466070563e+01   -2.4051115859090306e+01  -1.6253351901192779e+00
1.8155796566310791e+01   -2.4274257399569809e+01  -1.6125840469466033e+00
1.8112939760727588e+01   -2.4508173309068962e+01  -1.6311142712978757e+00
1.8125316022650853e+01   -2.4704050369285053e+01  -1.6131436002864148e+00
1.8244354086405913e+01   -2.4935534790763263e+01  -1.5314362507251236e+00
1.8381887957032294e+01   -2.5156531470467240e+01  -1.4497289011638324e+00
1.8536999956610160e+01   -2.5365565835098067e+01  -1.3680215516025411e+00
1.8708655119305515e+01   -2.5561243128440161e+01  -1.2863142020412499e+00
1.8860372010386175e+01   -2.5772143787231037e+01  -1.2332618185931630e+00
1.8945570136584241e+01   -2.6037941753087377e+01  -1.2375193673714846e+00
1.9029635846216145e+01   -2.6304100044006738e+01  -1.2417769161498062e+00
1.9148302701052305e+01   -2.6565395057738801e+01  -1.2255149525499971e+00
1.9290330543969880e+01   -2.6821059038712985e+01  -1.1989932327611226e+00
1.9439088292079543e+01   -2.7072866726659019e+01  -1.1724715129722481e+00
1.9594471315073516e+01   -2.7320641010023216e+01  -1.1459497931833735e+00
1.9766838618114086e+01   -2.7554710682076500e+01  -1.1112728341843798e+00
1.9952799827749313e+01   -2.7777421347526886e+01  -1.0725182555803265e+00
2.0147250303307104e+01   -2.7992759742964623e+01  -1.0337636769762732e+00
2.0349898032792922e+01   -2.8200402488391941e+01  -9.9500909837221996e-01
2.0560438694155067e+01   -2.8400037760594881e+01  -9.5625451976816667e-01
2.0717643475942424e+01   -2.8543675106989486e+01  -9.3001354902090660e-01
2.0882762404035599e+01   -2.8683751918194357e+01  -9.0190278022434422e-01
2.1085396579070650e+01   -2.8825054400642340e+01  -8.6051452039405363e-01
2.1293703818252272e+01   -2.8957851593920783e+01  -8.1912626056376303e-01
2.1487441277382214e+01   -2.9140777864566864e+01  -8.1298890051627781e-01
2.1575991327115414e+01   -2.9412610463758945e+01  -8.8770040499197600e-01
2.1644004222844472e+01   -2.9690294311517189e+01  -9.6241190946767419e-01
2.1691100506137268e+01   -2.9972280150507871e+01  -1.0371234139433723e+00
2.1717017416797731e+01   -3.0256994721671855e+01  -1.1118349184190701e+00
2.1721610358860943e+01   -3.0542849541771986e+01  -1.1865464228947680e+00
2.1704853707324837e+01   -3.0828249765879416e+01  -1.2612579273704658e+00
2.1750161647151234e+01   -3.1042411450668869e+01  -1.2736119159500068e+00
2.1766294066401244e+01   -3.1245695303000787e+01  -1.2994066345614701e+00
2.1762077578895369e+01   -3.1507730122673259e+01  -1.3417169749323234e+00
2.1762252839409470e+01   -3.1715056599961624e+01  -1.3688844095439592e+00
2.1756796199576023e+01   -3.1922311332073534e+01  -1.3960518441555949e+00
2.1737231372156295e+01   -3.2140444337322194e+01  -1.4288938805875813e+00
2.1802196785803886e+01   -3.2361984206636301e+01  -1.4098137047776784e+00
2.1874245697617440e+01   -3.2557742781529946e+01  -1.3870844138086660e+00
2.1950725069758789e+01   -3.2751813312458196e+01  -1.3643551228396535e+00
2.2031595393104602e+01   -3.2944095542890061e+01  -1.3416258318706411e+00
2.2116814890173050e+01   -3.3134490140127767e+01  -1.3188965409016287e+00
2.2129358896448267e+01   -3.3334396043865787e+01  -1.3404759371260393e+00
2.2168333333231729e+01   -3.3534814670649183e+01  -1.3447015201850581e+00
2.2217290440413812e+01   -3.3735286053202813e+01  -1.3431424988556129e+00
2.2266560027134357e+01   -3.3935680866985471e+01  -1.3415834775261677e+00
2.2287661182165081e+01   -3.4149561300286337e+01  -1.3573383076519236e+00
2.2305390207945653e+01   -3.4363747621365604e+01  -1.3730931377776796e+00
2.2403095940296897e+01   -3.4577045124426590e+01  -1.3384522243763852e+00
2.2550898369041963e+01   -3.4769150857833544e+01  -1.2776287623287059e+00
2.2710104817637806e+01   -3.4951917040362652e+01  -1.2168053002810266e+00
2.2834711038332845e+01   -3.5128066779568506e+01  -1.1842826133358844e+00
2.2964979218218581e+01   -3.5300071553244848e+01  -1.1517599263907421e+00
2.3130881424522151e+01   -3.5458642577616317e+01  -1.0991728541397718e+00
2.3304889233790142e+01   -3.5608274105511896e+01  -1.0465857818888016e+00
2.3486521555680184e+01   -3.5748552441228583e+01  -9.9399870963783143e-01
2.3675276219879979e+01   -3.5879089748422466e+01  -9.4141163738686151e-01
2.3870631364489167e+01   -3.5999525122384320e+01  -8.8882456513589159e-01
2.4064163090932880e+01   -3.6169815229453434e+01  -8.6444796369808086e-01
2.4256415290424570e+01   -3.6366848750439488e+01  -8.5417659766684972e-01
2.4450681116438723e+01   -3.6561897219914627e+01  -8.4390523163561859e-01
2.4646940073924362e+01   -3.6754940060258953e+01  -8.3363386560438746e-01
2.4845171457555072e+01   -3.6945956905446522e+01  -8.2336249957315633e-01
2.4995001336281003e+01   -3.7100780698802637e+01  -8.2104726929361749e-01
2.5107477503856551e+01   -3.7303147941155139e+01  -8.5277369881592424e-01
2.5232219946140251e+01   -3.7470158319930185e+01  -8.6154096962687410e-01
2.5342607870348598e+01   -3.7641915809504198e+01  -8.7868337130082397e-01
2.5461441354682844e+01   -3.7810241202580478e+01  -8.8755857937439242e-01
2.5584941501241754e+01   -3.7973425665477734e+01  -8.9222508178244486e-01
2.5677758496732416e+01   -3.8162717037604644e+01  -9.1870843612582642e-01
2.5879874891491671e+01   -3.8325095833266843e+01  -8.8269666908140199e-01
2.6081050605299367e+01   -3.8466338747242105e+01  -8.4479323386959315e-01
2.6287434134650791e+01   -3.8599856788669889e+01  -8.0688979865778432e-01
2.6498729009934742e+01   -3.8725458159096334e+01  -7.6898636344597548e-01
2.6714631706399409e+01   -3.8842962432352870e+01  -7.3108292823416665e-01
2.6998369692947620e+01   -3.8932478869287152e+01  -6.5691732820483117e-01
2.7287960637142159e+01   -3.9000724913365595e+01  -5.8275172817549570e-01
2.7581812363522268e+01   -3.9047325346789243e+01  -5.0858612814616022e-01
2.7878309270781259e+01   -3.9072023959659120e+01  -4.3442052811682491e-01
2.8175821214367332e+01   -3.9074684958622186e+01  -3.6025492808748960e-01
2.8430854672500892e+01   -3.9045293190880159e+01  -2.8770397259934621e-01
2.8683086692068716e+01   -3.8997492049855069e+01  -2.1515301711120283e-01
2.8882781405885240e+01   -3.8984251502882898e+01  -1.8112387277041453e-01
2.9107677210562283e+01   -3.9037728421659025e+01  -1.8786287298026472e-01
2.9323440030395513e+01   -3.9077505986096583e+01  -1.8692341745905006e-01
2.9546819892721938e+01   -3.9082557964962021e+01  -1.6481260518182875e-01
2.9749813527100539e+01   -3.9037731969146698e+01  -1.1787046866779372e-01
2.9946736267470797e+01   -3.8982905468917842e+01  -7.0924016294778292e-02
3.0201497814086490e+01   -3.8879078782503981e+01  4.1459267110028342e-03
3.0446535707916230e+01   -3.8747610053936604e+01  8.5451767684670804e-02
3.0680086716820863e+01   -3.8596674563599628e+01  1.6675760865833875e-01
3.0886546673205793e+01   -3.8499093182994173e+01  2.0416621096152959e-01
3.1115682613251078e+01   -3.8562236742899181e+01  1.3698504424451169e-01
3.1340062799285271e+01   -3.8640619906226370e+01  6.9803877527493841e-02
3.1558674914986405e+01   -3.8733889038561720e+01  2.6227108104759922e-03
3.1750670284772042e+01   -3.8813519982367893e+01  -4.6950387676356523e-02
3.1965113084312918e+01   -3.8814398164241439e+01  -4.1835480610076928e-02
3.2177060385576674e+01   -3.8814952620315523e+01  -3.7175978453686656e-02
3.2389007969534795e+01   -3.8814519505036955e+01  -3.2516476297296384e-02
3.2592969955245515e+01   -3.8843031492650745e+01  -4.5367244796920593e-02
3.2790048488423835e+01   -3.8897707207279765e+01  -7.1641484394496621e-02
3.2981058926883428e+01   -3.8957108311900292e+01  -9.7954059050713346e-02
3.3170440430318955e+01   -3.9021514250967769e+01  -1.2426663370693007e-01
3.3362873783165099e+01   -3.9056149511238260e+01  -1.2829375482543759e-01
3.3566205921666956e+01   -3.8980411422459774e+01  -6.5464515330817541e-02
3.3760012768225771e+01   -3.8902098241451924e+01  -9.9173351301606490e-03
3.3953141738575681e+01   -3.8817384567788210e+01  4.2737826659413211e-02
3.4157561176612120e+01   -3.8714602883315564e+01  9.9564884105057955e-02
3.4355812998564055e+01   -3.8600376807470752e+01  1.5639194155070271e-01
3.4550322511048300e+01   -3.8520275520980277e+01  1.8509341230001711e-01
3.4765677494084258e+01   -3.8478793351679286e+01  1.8572688475829954e-01
3.5003621080231774e+01   -3.8394489193556325e+01  2.0777528320318919e-01
3.5220164750376881e+01   -3.8309180692775676e+01  2.2976609324278044e-01
3.5434780211000756e+01   -3.8219131231663681e+01  2.5175690328237166e-01
3.5683855406514759e+01   -3.8133420877123299e+01  2.6307852712896884e-01
3.5897616101561752e+01   -3.8074951782240419e+01  2.6356785536917127e-01
3.6111348160438922e+01   -3.8016378095216965e+01  2.6405718360937369e-01
3.6325051531969812e+01   -3.7957699830077942e+01  2.6454651184957612e-01
3.6538744076658325e+01   -3.7902287705502253e+01  2.6311800005657121e-01
3.6752632250024298e+01   -3.7854332523488019e+01  2.5785380819715165e-01
3.6966769903905792e+01   -3.7807503949113176e+01  2.5258961633773208e-01
3.7163430688055946e+01   -3.7728814905272181e+01  2.7121069378863949e-01
3.7318163159897594e+01   -3.7577554342771123e+01  3.3760230986020084e-01
3.7462519681243627e+01   -3.7416361630915908e+01  4.0399392593176220e-01
3.7642746732990538e+01   -3.7281405528264997e+01  4.3556731412805821e-01
3.7840075012157278e+01   -3.7195410247289374e+01  4.3099924418288610e-01
3.8094895829064733e+01   -3.7181972952675601e+01  3.7495556637909538e-01
3.8283840320842572e+01   -3.7117522802083776e+01  3.7209580411105325e-01
3.8458104844176958e+01   -3.6919272333046507e+01  4.4758203401261293e-01
3.8607952267340686e+01   -3.6754437045178271e+01  4.9928833744421097e-01
3.8818394962767989e+01   -3.6625523205104791e+01  5.0619908826366922e-01
3.9027941748669313e+01   -3.6495158137929479e+01  5.1310983908312746e-01
3.9236582617449152e+01   -3.6363348069664610e+01  5.2002058990258571e-01
3.9415675972606664e+01   -3.6259592448342858e+01  5.2040537658641206e-01
3.9606595578900148e+01   -3.6177280847150307e+01  5.0723955325894199e-01
3.9810666182756016e+01   -3.6102458250564936e+01  4.8809490647858417e-01
3.9975154395028710e+01   -3.5971996480767693e+01  5.1143153383248185e-01
4.0138993239911450e+01   -3.5797585899657797e+01  5.5361571740596272e-01
4.0295331144274783e+01   -3.5616421119540682e+01  5.9579990097944358e-01
4.0399830397971002e+01   -3.5440108331240410e+01  6.5074086544054954e-01
4.0477920757196877e+01   -3.5253310832905171e+01  7.1505529167252047e-01
4.0561711134070087e+01   -3.5030545669764045e+01  7.8558516669619360e-01
4.0629594615018540e+01   -3.4802429519129838e+01  8.5611504171986674e-01
4.0674081706159491e+01   -3.4594163825636791e+01  9.2087472082018018e-01
4.0703493220818579e+01   -3.4382332910799022e+01  9.8687427403472250e-01
4.0824760564258526e+01   -3.4196534451516385e+01  9.8792110964023716e-01
4.1002722439570881e+01   -3.4001077558301951e+01  9.6474153059305578e-01
4.1108627235753552e+01   -3.3789296928762028e+01  9.8557820660615469e-01
4.1162815040017556e+01   -3.3590651131693114e+01  1.0236624764223672e+00
4.1244509002238253e+01   -3.3390282296192929e+01  1.0430846703347103e+00
4.1385345713209070e+01   -3.3242508901709655e+01  1.0156616449852616e+00
4.1534207617719410e+01   -3.3082583325606528e+01  9.9156537979498072e-01
4.1694640481200516e+01   -3.2893699790603726e+01  9.7412263492303530e-01
4.1858343419751677e+01   -3.2707643236326227e+01  9.5667989005108989e-01
4.2007989339477049e+01   -3.2568912783226118e+01  9.3222662311084192e-01
4.2160982594848726e+01   -3.2433882772789211e+01  9.0777335617059396e-01
4.2317231706231922e+01   -3.2302633943842913e+01  8.8332008923034600e-01
4.2476643247209836e+01   -3.2175244774323453e+01  8.5886682229009803e-01
4.2676048272772682e+01   -3.2035311204253361e+01  8.2467337353609105e-01
4.2875534033650574e+01   -3.1905303338423845e+01  7.9139104333355159e-01
4.3055207903403961e+01   -3.1791471839235058e+01  7.6388992258935917e-01
4.3237943931933565e+01   -3.1682623993335600e+01  7.3638880184516675e-01
4.3423603922563863e+01   -3.1578842118430202e+01  7.0888768110097433e-01
4.3612047467332154e+01   -3.1480204701012230e+01  6.8138656035678191e-01
4.3806967856031896e+01   -3.1348924519855981e+01  6.6984297176353547e-01
4.4028991050430733e+01   -3.1189067350203192e+01  6.6284050915273796e-01
4.4252128186161002e+01   -3.1030768796203006e+01  6.5583804654194044e-01
4.4476368321853428e+01   -3.0874036619911397e+01  6.4883558393114293e-01
4.4567488470774748e+01   -3.0653465901726960e+01  7.2524746048804045e-01
4.4710270764573508e+01   -3.0451493588392264e+01  7.5737689750271897e-01
4.4846491227279088e+01   -3.0245038788698761e+01  7.8950633451739749e-01
4.4932273789045524e+01   -3.0052518495674271e+01  8.3542034027063106e-01
4.4982842967975806e+01   -2.9854270710479408e+01  8.9493235597588294e-01
4.5120762106054592e+01   -2.9722842283503439e+01  8.7951455555929714e-01
4.5162135652393040e+01   -2.9508458458105547e+01  9.4501361739041001e-01
4.5209947440146792e+01   -2.9263849087409323e+01  1.0082061211530706e+00
4.5280480211541274e+01   -2.9033269951116324e+01  1.0449524881684558e+00
4.5342494329385410e+01   -2.8800255232434804e+01  1.0816988551838409e+00
4.5416994381997860e+01   -2.8591083401837555e+01  1.1000045028219405e+00
4.5554953143650657e+01   -2.8399894285079160e+01  1.0790858891809276e+00
4.5685478764379084e+01   -2.8237796809021191e+01  1.0569559038133205e+00
4.5819559346829983e+01   -2.8078627318161505e+01  1.0348259184457134e+00
4.5957129229561197e+01   -2.7922463760388816e+01  1.0126959330781062e+00
4.6098121042363445e+01   -2.7769382611537502e+01  9.9056594771049911e-01
4.6194766728018422e+01   -2.7525100197000356e+01  1.0206422266679638e+00
4.6284022706550935e+01   -2.7278021956550042e+01  1.0507185056254282e+00
4.6365808244645876e+01   -2.7028371376005275e+01  1.0807947845828927e+00
4.6440049366108894e+01   -2.6776374267903350e+01  1.1108710635403571e+00
4.6431812248796383e+01   -2.6543157974745103e+01  1.1809371748922997e+00
4.6407268150250104e+01   -2.6311090577804809e+01  1.2510032862442422e+00
4.6366537514543943e+01   -2.6081310890253743e+01  1.3210693975961847e+00
4.6309820217166781e+01   -2.5854946498896968e+01  1.3911355089481272e+00
4.6237394584183129e+01   -2.5633108230820852e+01  1.4612016203000697e+00
4.6149616026417029e+01   -2.5416884702284769e+01  1.5312677316520122e+00
4.6065094781260562e+01   -2.5215893328399456e+01  1.5877287416331527e+00
4.5979194089931426e+01   -2.5023770433619873e+01  1.6373872009288921e+00
4.5940841911834596e+01   -2.4811962957983329e+01  1.6511217057558971e+00
4.5917729695713476e+01   -2.4599896891460027e+01  1.6544958203186146e+00
4.5893902077308830e+01   -2.4387910015201477e+01  1.6578699348813322e+00
4.5869359327889484e+01   -2.4176004742601581e+01  1.6612440494440497e+00
4.5784736643993732e+01   -2.3912998167872658e+01  1.6957723985713842e+00
4.5691085020458978e+01   -2.3653069657720991e+01  1.7303007476987187e+00
4.5588516098304105e+01   -2.3396529069921808e+01  1.7648290968260532e+00
4.5477152148756737e+01   -2.3143682223547223e+01  1.7993574459533876e+00
4.5420505035719387e+01   -2.2937268443562015e+01  1.8038534105141593e+00
4.5393100159467274e+01   -2.2731996348155818e+01  1.7921642686002595e+00
4.5396987967666099e+01   -2.2527117294463036e+01  1.7637876143201758e+00
4.5438390868635985e+01   -2.2315295373470789e+01  1.7140342832009061e+00
4.5506561631032312e+01   -2.2082579456351841e+01  1.6524236994706534e+00
4.5588931745396252e+01   -2.1854502462365421e+01  1.5908131157404006e+00
4.5685188644864276e+01   -2.1631929866947633e+01  1.5292025320101479e+00
4.5762834487316574e+01   -2.1394005637711452e+01  1.4891661658114990e+00
4.5780069315194190e+01   -2.1114913773143087e+01  1.4922782346760577e+00
4.5796435507912371e+01   -2.0835769624187517e+01  1.4953903035406164e+00
4.5811932906965112e+01   -2.0556575894346000e+01  1.4985023724051751e+00
4.5826561362260641e+01   -2.0277335287599982e+01  1.5016144412697339e+00
4.5861964064249015e+01   -1.9997021887464683e+01  1.4918187450513252e+00
4.5947041038850664e+01   -1.9716590867100571e+01  1.4562075186669816e+00
4.6042048455509672e+01   -1.9439366698656318e+01  1.4205962922826381e+00
4.6146865842405568e+01   -1.9165700909427663e+01  1.3849850658982945e+00
4.6261360288426133e+01   -1.8895940514595008e+01  1.3493738395139510e+00
4.6385386611702081e+01   -1.8630427577199342e+01  1.3137626131296074e+00
4.6362442099060097e+01   -1.8424753168576743e+01  1.3578229006344140e+00
4.6337648302064508e+01   -1.8206005621805776e+01  1.3989971139906692e+00
4.6303871305264074e+01   -1.7988464048595233e+01  1.4401713273469243e+00
4.6278890996972706e+01   -1.7731589625991269e+01  1.4733214232168144e+00
4.6252335750985736e+01   -1.7502458416011716e+01  1.5013247424171725e+00
4.6219375320611100e+01   -1.7274160578734097e+01  1.5293280616175307e+00
4.6173254057012130e+01   -1.7054784304974454e+01  1.5615524010441040e+00
4.6105967674034552e+01   -1.6853359299102820e+01  1.6022187809231077e+00
4.6090054233412737e+01   -1.6648958141325537e+01  1.6074859172032929e+00
4.6084681221962050e+01   -1.6392292256125099e+01  1.6052200266538199e+00
4.6079677945759649e+01   -1.6187349556475127e+01  1.6040588911445064e+00
4.6074912639122509e+01   -1.5982401185500313e+01  1.6028977556351929e+00
4.6070385308475387e+01   -1.5777447419519330e+01  1.6017366201258794e+00
4.6066095959922194e+01   -1.5572488534858124e+01  1.6005754846165658e+00
4.6062044599245979e+01   -1.5367524807849545e+01  1.5994143491072523e+00
4.6029280477429381e+01   -1.5113475690980374e+01  1.6137512434694967e+00
4.5992877572254571e+01   -1.4859922402783885e+01  1.6280881378317411e+00
4.5952843366084579e+01   -1.4606917059368461e+01  1.6424250321939855e+00
4.5909186087671017e+01   -1.4354511664216259e+01  1.6567619265562299e+00
4.5861914710462699e+01   -1.4102758097494263e+01  1.6710988209184743e+00
4.5811038950761215e+01   -1.3851708105390667e+01  1.6854357152807187e+00
4.5752154926729546e+01   -1.3603015728264820e+01  1.7025288795623612e+00
4.5679559941845675e+01   -1.3358860405863783e+01  1.7251345836828000e+00
4.5601464671926209e+01   -1.3116408385655141e+01  1.7477402878032389e+00
4.5517909023349326e+01   -1.2875783559675066e+01  1.7703459919236777e+00
4.5428935692725382e+01   -1.2637108886270605e+01  1.7929516960441165e+00
4.5337643526827925e+01   -1.2444921773077523e+01  1.8211348896816375e+00
4.5216049517833824e+01   -1.2280179094786899e+01  1.8683231390269712e+00
4.5159008190813900e+01   -1.2066969202442044e+01  1.8638644416488965e+00
4.5092158910106534e+01   -1.1869428258238029e+01  1.8680056304538146e+00
4.5001570788520802e+01   -1.1645853198176969e+01  1.8798549659661106e+00
4.4908339872547970e+01   -1.1423367217583571e+01  1.8917043014784065e+00
4.4795941271493611e+01   -1.1250519058554834e+01  1.9251263386914139e+00
4.4591670417686551e+01   -1.1075459427287306e+01  2.0076184470619922e+00
4.4373669530870416e+01   -1.0917826722679507e+01  2.0901105554325698e+00
4.4143421254669420e+01   -1.0778693018922809e+01  2.1726026638031475e+00
4.3973503198507714e+01   -1.0667756129534339e+01  2.2196915051149406e+00
4.3806884678948911e+01   -1.0548378191234123e+01  2.2549561544538217e+00
4.3642313060765403e+01   -1.0412394414614706e+01  2.2785235365000847e+00
4.3492862925445287e+01   -1.0250953752165087e+01  2.2833631850590677e+00
4.3352777457570049e+01   -1.0103624068783814e+01  2.2887753807889810e+00
4.3175238327756794e+01   -9.9889698439033623e+00  2.3225585456290831e+00
4.2993927855372839e+01   -9.8803777332244973e+00  2.3563417104691853e+00
4.2783506601504243e+01   -9.7723255834305949e+00  2.3986819594538771e+00
4.2561382944986747e+01   -9.6822650697721713e+00  2.4482273071821030e+00
4.2359993146453249e+01   -9.5812103098674708e+00  2.4776416459871653e+00
4.2161880888819177e+01   -9.4240698765658362e+00  2.4767030364915454e+00
4.1963916211933530e+01   -9.2667435624646863e+00  2.4757644269959256e+00
4.1766099290200749e+01   -9.1092315061665730e+00  2.4748258175003057e+00
4.1568430297895112e+01   -8.9515338464376821e+00  2.4738872080046859e+00
4.1370909409160589e+01   -8.7936507222077172e+00  2.4729485985090660e+00
4.1173536798010645e+01   -8.6355822725697724e+00  2.4720099890134462e+00
4.1012871794015666e+01   -8.5119552771026274e+00  2.4736367519811369e+00
4.0822645920272222e+01   -8.3707154919398601e+00  2.4775160175802649e+00
4.0631873572587587e+01   -8.2302147043506970e+00  2.4813952831793928e+00
4.0440557621834294e+01   -8.0904550286869092e+00  2.4852745487785208e+00
4.0248700947065380e+01   -7.9514385681475162e+00  2.4891538143776488e+00
4.0060686627453322e+01   -7.8347425297780902e+00  2.5016011355679355e+00
3.9875447535990176e+01   -7.7427176047185755e+00  2.5226165123493809e+00
3.9689471921910794e+01   -7.6530876215959980e+00  2.5423711023721776e+00
3.9463495260895634e+01   -7.5531189328277959e+00  2.5677395658246391e+00
3.9259650120327741e+01   -7.4713477073143277e+00  2.5917008220203757e+00
3.9053904341168511e+01   -7.3944838730794915e+00  2.6156620782161122e+00
3.9054258503590901e+01   -7.1386131963624342e+00  8.7351092386223772e-01
3.9158238155559204e+01   -6.9578494972449727e+00  8.9352850004891615e-01
3.9205321766785850e+01   -6.6637301087667371e+00  9.7227815357575165e-01
3.9229121591072435e+01   -6.3668182540204485e+00  1.0510278071025871e+00
3.9229490109879990e+01   -6.0689542828543432e+00  1.1297774606294226e+00
3.9243524744212813e+01   -5.8504757164524079e+00  1.1738573762617357e+00
3.9265598853506560e+01   -5.6384264718855333e+00  1.2074213304568366e+00
3.9286833497794312e+01   -5.4279993453407558e+00  1.2374799641728669e+00
3.9301734350347253e+01   -5.2170290860691830e+00  1.2675385978888971e+00
3.9310287948938971e+01   -5.0057062958759548e+00  1.2975972316049273e+00
3.9342319883679892e+01   -4.8113764730449757e+00  1.3086632089675980e+00
3.9497295013124187e+01   -4.6380264745344677e+00  1.2512732193458380e+00
3.9638926358906147e+01   -4.4923432846263811e+00  1.2024394987721150e+00
3.9798717385244466e+01   -4.3406810497236163e+00  1.1506840493220769e+00
3.9966140292463365e+01   -4.1974882575435517e+00  1.0989285998720388e+00
4.0140746717215450e+01   -4.0631483824905796e+00  1.0471731504220008e+00
4.0322069058487315e+01   -3.9380211906031124e+00  9.9541770097196269e-01
4.0388489994834856e+01   -3.7211187777000245e+00  1.0291709873535355e+00
4.0447553319418240e+01   -3.5020984106159916e+00  1.0629242737351083e+00
4.0499191748704881e+01   -3.2812095921364808e+00  1.0966775601166812e+00
4.0543346457426082e+01   -3.0587039535422842e+00  1.1304308464982540e+00
4.0579967145589379e+01   -2.8348349679571592e+00  1.1641841328798268e+00
4.0602923069495588e+01   -2.5879615285111361e+00  1.2057994918559256e+00
4.0585102758648517e+01   -2.3463035636888505e+00  1.2619997696470853e+00
4.0513937863799505e+01   -2.0615316178696581e+00  1.3445913467728381e+00
4.0419522518249657e+01   -1.7836013282119410e+00  1.4271829238985909e+00
4.0302500397852924e+01   -1.5144074822154694e+00  1.5097745010243437e+00
4.0163669299967758e+01   -1.2557853067460787e+00  1.5923660781500966e+00
4.0003975704480098e+01   -1.0094979563913684e+00  1.6749576552758494e+00
3.9847945968606879e+01   -7.9540165419545650e-01  1.7464042263702260e+00
3.9726830775412530e+01   -6.2652362421989438e-01  1.7955607854018500e+00
3.9618384051843464e+01   -4.1448080155722028e-01  1.8268669996522091e+00
3.9530979561760617e+01   -2.1862324258473750e-01  1.8459946906100655e+00
3.9578989571141129e+01   2.7518989262151072e-03   1.7873958248875597e+00
3.9591701658009569e+01   2.0325062142728928e-01   1.7577368327231186e+00
3.9468449763836553e+01   3.7669226542601397e-01   1.8065261947010856e+00
3.9373036181740012e+01   5.8170786061229673e-01   1.8305861630802724e+00
3.9223054872138000e+01   7.6236902301815812e-01   1.8843340682263863e+00
3.9009367878002678e+01   9.5937227138790226e-01   1.9605074404887963e+00
3.8781308637176913e+01   1.1395427295790257e+00   2.0366808127512064e+00
3.8618003810712274e+01   1.2902825256575734e+00   2.0779147012560020e+00
3.8604159130293766e+01   1.4932334408340446e+00   2.0301729029052797e+00
3.8600015786164327e+01   1.6966138279078302e+00   1.9824311045545573e+00
3.8605583220368871e+01   1.8999602142126670e+00   1.9346893062038351e+00
3.8604442542316043e+01   2.1326140865257637e+00   1.8902907033183611e+00
3.8602292497459473e+01   2.3346662663673849e+00   1.8565548585914478e+00
3.8606958784051244e+01   2.5366759984128473e+00   1.8228190138645344e+00
3.8635884958975353e+01   2.7481664062577167e+00   1.7780929155071159e+00
3.8693152384732151e+01   2.9670903294585766e+00   1.7223765635191923e+00
3.8701012731428939e+01   3.1868543251106778e+00   1.7009429359574384e+00
3.8611196174197858e+01   3.3761852063193736e+00   1.7363526939192788e+00
3.8489538302033715e+01   3.5942192090467242e+00   1.7818524916198106e+00
3.8358089257717054e+01   3.8064940614269682e+00   1.8273522893203424e+00
3.8217121124267578e+01   4.0125703811645508e+00   1.8728520870208742e+00
