-4.2590417377756200e-03  4.4240002297733956e-03
1.6571053711323402e-01   -1.7169029411794594e-02
3.3561530663012668e-01   -3.9186318940043832e-02
5.0541237872994405e-01   -6.1901800197857529e-02
6.7505276855313734e-01   -8.5630109541758842e-02
8.4447900701307543e-01   -1.1075002791124328e-01
1.0136505792833799e+00   -1.3749867460434217e-01
1.1825046911758350e+00   -1.6627754401176456e-01
1.3509858781757207e+00   -1.9741758628004999e-01
1.5190352632813471e+00   -2.3126131539979788e-01
1.6865784746350652e+00   -2.6824984588908335e-01
1.8535503250846765e+00   -3.0872915783981741e-01
2.0198598352483366e+00   -3.5320763737279337e-01
2.1854221679197519e+00   -4.0210721719660553e-01
2.3501259321336261e+00   -4.5599263409228319e-01
2.5138537050728065e+00   -5.1540609929219916e-01
2.6764607604515644e+00   -5.8099783747954148e-01
2.8377804912712978e+00   -6.5346185780171950e-01
2.9976116150084069e+00   -7.3358909783167281e-01
3.1557117165279105e+00   -8.2226745161760562e-01
3.3117857754699518e+00   -9.2050297045019680e-01
3.4654711129063616e+00   -1.0294467340741662e+00
3.6163203016992038e+00   -1.1504142623722144e+00
3.7637778834938378e+00   -1.2849162348250194e+00
3.9071550088558880e+00   -1.4346745828411940e+00
4.0456014165521399e+00   -1.6016229921424374e+00
4.1780834923120143e+00   -1.7878550506945239e+00
4.3033822415194614e+00   -1.9954768812877146e+00
4.4201367084704746e+00   -2.2263040849471953e+00
4.5269606839178635e+00   -2.4813777736788167e+00
4.6226386373448829e+00   -2.7603899738043696e+00
4.7063518742263080e+00   -3.0612756916076638e+00
4.7778370260700891e+00   -3.3802731325659421e+00
4.8374005096503296e+00   -3.7125281287743181e+00
4.8857979989924258e+00   -4.0529829166284497e+00
4.9240813127428593e+00   -4.3970943019662334e+00
4.9534538616303339e+00   -4.7412408740803142e+00
4.9751730151246996e+00   -5.0827939676684224e+00
4.9904866943099844e+00   -5.4200010471982747e+00
5.0005921976559087e+00   -5.7518018613633926e+00
5.0066097966017429e+00   -6.0776458562242812e+00
5.0095671324198507e+00   -6.3973384791434214e+00
5.0103918778071490e+00   -6.7109220530027285e+00
5.0099105969471207e+00   -7.0185878414428249e+00
5.0088519933079594e+00   -7.3206133469342110e+00
5.0078530094051281e+00   -7.6173189523475591e+00
5.0074664564044369e+00   -7.9090398662687118e+00
5.0081693125190254e+00   -8.1961070680194279e+00
5.0103711733577772e+00   -8.4788354210293306e+00
5.0144222639759608e+00   -8.7575175078483198e+00
5.0206207472425852e+00   -9.0324208893512203e+00
5.0292191585334693e+00   -9.3037875769120113e+00
5.0404298934205745e+00   -9.5718348660727379e+00
5.0544297476383973e+00   -9.8367569538386039e+00
5.0713635622445885e+00   -1.0098726964059617e+01
5.0913470649705177e+00   -1.0357899149516832e+01
5.1144690235371977e+00   -1.0614411137232718e+01
5.1407928399128595e+00   -1.0868386145985360e+01
5.1703577177767350e+00   -1.1119935141541642e+01
5.2031795306859667e+00   -1.1369158913743494e+01
5.2392515076719084e+00   -1.1616150066664670e+01
5.2785448383133646e+00   -1.1860994913413824e+01
5.3210092826659476e+00   -1.2103775264201516e+01
5.3665738543251020e+00   -1.2344570092292017e+01
5.4151476284554452e+00   -1.2583457058839290e+01
5.4666207114548913e+00   -1.2820513875180465e+01
5.5208653952826836e+00   -1.3055819480353563e+01
5.5777375073588935e+00   -1.3289455012599211e+01
5.6370779562163840e+00   -1.3521504556421009e+01
5.6987144636213758e+00   -1.3752055651317320e+01
5.7624634655977394e+00   -1.3981199554362599e+01
5.8281321576966576e+00   -1.4209031256130112e+01
5.8955206540513396e+00   -1.4435649257775543e+01
5.9644242255290552e+00   -1.4661155126664367e+01
6.0346355804234681e+00   -1.4885652860276197e+01
6.1059471155759981e+00   -1.5109247585154652e+01
6.1781532826568872e+00   -1.5332044787078505e+01
6.2510528620489882e+00   -1.5554149946808739e+01
6.3244510616969372e+00   -1.5775667570320138e+01
6.3981613839341671e+00   -1.5996699861945293e+01
6.4720071195958973e+00   -1.6217344888346780e+01
6.5458254246134908e+00   -1.6437711025189454e+01
6.6194625672053027e+00   -1.6657885966050934e+01
6.6927789650776752e+00   -1.6877951236365778e+01
6.7656502562964755e+00   -1.7097981801617422e+01
6.8379680482073688e+00   -1.7318045480852245e+01
6.9096399102504105e+00   -1.7538201548872234e+01
6.9805901718335628e+00   -1.7758500938515219e+01
7.0507602089366301e+00   -1.7978986263054395e+01
7.1201084680023605e+00   -1.8199691844204526e+01
7.1886103490277922e+00   -1.8420643855694415e+01
7.2562579749639937e+00   -1.8641860552405181e+01
7.3230598662326312e+00   -1.8863352558395619e+01
7.3890405187288728e+00   -1.9085123190792231e+01
7.4542398562884742e+00   -1.9307168803065231e+01
7.5187125073981536e+00   -1.9529479140293947e+01
7.5825268589986514e+00   -1.9752037707247446e+01
7.6457638805450676e+00   -1.9974822152098682e+01
7.7085158010974419e+00   -2.0197805010476426e+01
7.7709363564885177e+00   -2.0420959336156276e+01
7.8331368376065020e+00   -2.0644249273603481e+01
7.8952348648063539e+00   -2.0867634739192166e+01
7.9573537838706336e+00   -2.1091071564997204e+01
8.0196224202594539e+00   -2.1314511527039482e+01
8.0821750790281968e+00   -2.1537902279535079e+01
8.1451516495509644e+00   -2.1761187232008780e+01
8.2086976939150151e+00   -2.1984305406893970e+01
8.2729644372755349e+00   -2.2207191306819809e+01
8.3381086104182227e+00   -2.2429774811324545e+01
8.4042921091132534e+00   -2.2651981117265908e+01
8.4716811479810339e+00   -2.2873728358304852e+01
8.5404450526075912e+00   -2.3094928533619456e+01
8.6107550810985973e+00   -2.3315488806311087e+01
8.6827829495972146e+00   -2.3535311874352409e+01
8.7566991248909840e+00   -2.3754296476880921e+01
8.8326709076791872e+00   -2.3972338040153002e+01
8.9108603318529500e+00   -2.4189329467452726e+01
8.9914219041826620e+00   -2.4405162079739373e+01
9.0745002062825169e+00   -2.4619726718616580e+01
9.1602273775427765e+00   -2.4832915029510520e+01
9.2487222179231150e+00   -2.5044623224139876e+01
9.3400866718240394e+00   -2.5254751858988744e+01
9.4344023833887576e+00   -2.5463206877912423e+01
9.5317278967366743e+00   -2.5669901872632721e+01
9.6320958095525402e+00   -2.5874760261836311e+01
9.7355086086030092e+00   -2.6077715848022237e+01
9.8419385280866791e+00   -2.6278718412234419e+01
9.9513262766886950e+00   -2.6477736383493109e+01
1.0063580348499720e+01   -2.6674759337046325e+01
1.0178576944428112e+01   -2.6869800203089035e+01
1.0296160510001981e+01   -2.7062897063221321e+01
1.0416144878093633e+01   -2.7254114412522100e+01
1.0538314989708114e+01   -2.7443543772844354e+01
1.0662429156096914e+01   -2.7631303556789099e+01
1.0788221831122520e+01   -2.7817538095552532e+01
1.0915406899187420e+01   -2.8002415745970854e+01
1.1043681542262702e+01   -2.8186125986289621e+01
1.1172761217183016e+01   -2.8368928503291354e+01
1.1302328727617800e+01   -2.8551042842134695e+01
1.1432064321397505e+01   -2.8732696075784084e+01
1.1561650198015041e+01   -2.8914117682377338e+01
1.1690775029994128e+01   -2.9095534333634710e+01
1.1819138698962002e+01   -2.9277164632411395e+01
1.1946457311239580e+01   -2.9459213937430995e+01
1.2072468483023025e+01   -2.9641869460656622e+01
1.2196936867452468e+01   -2.9825295815452019e+01
1.2319659893592963e+01   -3.0009631161540050e+01
1.2440473668644504e+01   -3.0194984060199172e+01
1.2559258889201226e+01   -3.0381431166742033e+01
1.2675946941266652e+01   -3.0569010643292287e+01
1.2790522808349634e+01   -3.0757723843825136e+01
1.2903026704688669e+01   -3.0947536849307618e+01
1.3013553934341916e+01   -3.1138381995724910e+01
1.3122252868719681e+01   -3.1330160055155709e+01
1.3229324111981525e+01   -3.1522754913579963e+01
1.3335021632260949e+01   -3.1716034698946668e+01
1.3439652101889351e+01   -3.1909846335398832e+01
1.3543574540953468e+01   -3.2104015979287986e+01
1.3647199288383645e+01   -3.2298349050798009e+01
1.3750986360323303e+01   -3.2492629764358405e+01
1.3855443203728289e+01   -3.2686620151774754e+01
1.3961121135428169e+01   -3.2880059053364356e+01
1.4068591984883660e+01   -3.3072607056706595e+01
1.4178407377299118e+01   -3.3263879798096156e+01
1.4291062314822625e+01   -3.3453476709870650e+01
1.4406972292285060e+01   -3.3641002682606768e+01
1.4526520920205924e+01   -3.3826134960429123e+01
1.4650071440149253e+01   -3.4008577277741871e+01
1.4777950821880395e+01   -3.4188029871402783e+01
1.4910442009707781e+01   -3.4364195624658748e+01
1.5047730197067533e+01   -3.4536756584351863e+01
1.5189847183189743e+01   -3.4705420688116625e+01
1.5336683519464405e+01   -3.4870016333603658e+01
1.5487973564844463e+01   -3.5030542148281995e+01
1.5643270680579217e+01   -3.5187225690302583e+01
1.5801940276271422e+01   -3.5340561604501723e+01
1.5963312132510838e+01   -3.5492260197713776e+01
1.6126891906366403e+01   -3.5642972043396917e+01
1.6292114096593945e+01   -3.5793368620396528e+01
1.6458299441634392e+01   -3.5944170110869308e+01
1.6624661858376705e+01   -3.6096057327596206e+01
1.6790568179552540e+01   -3.6249719793081681e+01
1.6955380117073354e+01   -3.6405921239255512e+01
1.7118334329460538e+01   -3.6565547266199530e+01
1.7278465632186830e+01   -3.6729673729554563e+01
1.7434527141130200e+01   -3.6899634742475023e+01
1.7584379728545482e+01   -3.7076343886498812e+01
1.7726411201877482e+01   -3.7259089111664373e+01
1.7860812331322673e+01   -3.7446003474708263e+01
1.7988661918264643e+01   -3.7636219330089858e+01
1.8110791968766449e+01   -3.7829164229785327e+01
1.8227797533028308e+01   -3.8024423997832180e+01
1.8340107340021536e+01   -3.8221689897026145e+01
1.8448071535212332e+01   -3.8420702453670799e+01
1.8552099699170419e+01   -3.8620917344592918e+01
1.8652777549303007e+01   -3.8821805313345450e+01
1.8750696636452055e+01   -3.9022981779711316e+01
1.8846340306781791e+01   -3.9224198677311172e+01
1.8940052372005503e+01   -3.9425310643800522e+01
1.9032048451572923e+01   -3.9626241640380087e+01
1.9122440449752830e+01   -3.9826960052121315e+01
1.9211260295852821e+01   -4.0027462241559292e+01
1.9298478394536389e+01   -4.0227762442158877e+01
1.9384015888827925e+01   -4.0427887099120014e+01
1.9467749101528156e+01   -4.0627873724343722e+01
1.9549506881781880e+01   -4.0827774026657437e+01
1.9629088353801116e+01   -4.1027642118905000e+01
1.9706265395280912e+01   -4.1227533790145920e+01
1.9780781823965878e+01   -4.1427506421734492e+01
1.9852351585504000e+01   -4.1627618576314433e+01
1.9920656582855955e+01   -4.1827928977009783e+01
1.9985344419455039e+01   -4.2028494728928884e+01
2.0046026269218782e+01   -4.2229368652592690e+01
2.0102275127266427e+01   -4.2430595595351896e+01
2.0153624775555183e+01   -4.2632207594655590e+01
2.0199569913388498e+01   -4.2834217799357468e+01
2.0239568100985668e+01   -4.3036613118724652e+01
2.0273044647275778e+01   -4.3239345664460053e+01
2.0299404052804743e+01   -4.3442321929536931e+01
2.0318039057379668e+01   -4.3645395366477551e+01
2.0328346380789696e+01   -4.3848358450479964e+01
2.0329749839568834e+01   -4.4050936761525520e+01
2.0321729600163152e+01   -4.4252787647660412e+01
2.0303855430685591e+01   -4.4453505726127837e+01
2.0275821753946602e+01   -4.4652637035906352e+01
2.0237485172126160e+01   -4.4849703595171121e+01
2.0188905510882456e+01   -4.5044240530584894e+01
2.0130382485339837e+01   -4.5235845438717355e+01
2.0062467184336654e+01   -4.5424230982578884e+01
1.9985938291649074e+01   -4.5609266540158927e+01
1.9901759034199447e+01   -4.5791002304568373e+01
1.9811030697267256e+01   -4.5969675639099854e+01
1.9714949344186916e+01   -4.6145700968833005e+01
1.9614770837963615e+01   -4.6319646891730301e+01
1.9511795689994379e+01   -4.6492210531907830e+01
1.9407447814941406e+01   -4.6664272308349609e+01
