-2.3116692662027622e-03  3.5200729109588852e-02   -6.6978190835254329e-03
1.9752589757166678e-01   -5.9148877943466599e-02  -6.4025242058837348e-02
3.9162932020552293e-01   -1.6479338936061777e-01  -1.2135266503414925e-01
5.7936086534368736e-01   -2.8138570656369638e-01  -1.7868008800946117e-01
7.6010373471125958e-01   -4.0854276159220293e-01  -2.3600751098477307e-01
9.9217075537696953e-01   -4.7618330648752127e-01  -2.4247446755301497e-01
1.2237954979438679e+00   -5.4532319385518091e-01  -2.4894142412125686e-01
1.4549682755452302e+00   -6.1595953216957533e-01  -2.5540838068949884e-01
1.6625545126276806e+00   -6.7184766154018827e-01  -2.5613908235743149e-01
1.8755649686821694e+00   -7.3117677728650943e-01  -2.5971861691650594e-01
2.0521508379431737e+00   -8.6496030482319397e-01  -3.0984331633766710e-01
2.2218118675336207e+00   -1.0074234105773956e+00  -3.5996801575882825e-01
2.4031416017948573e+00   -1.1817211327648094e+00  -4.1947823655925071e-01
2.5699920073643856e+00   -1.3678822972400626e+00  -4.8121330739305429e-01
2.7250391883031875e+00   -1.5639828038187782e+00  -5.4294837822685771e-01
2.9285397396074888e+00   -1.7380898554308490e+00  -5.6780385869888850e-01
3.1203173071765975e+00   -1.9250900892877452e+00  -5.9937910976896902e-01
3.2897168177718195e+00   -2.1346786321158686e+00  -6.4439390203514901e-01
3.4495133287890076e+00   -2.3516777716105923e+00  -6.8940869430132901e-01
3.5993830941942653e+00   -2.5756478698203531e+00  -7.3442348656750900e-01
3.7520886363418002e+00   -2.7700183338057660e+00  -7.5814488418450132e-01
3.9290087831154326e+00   -2.8920248010854239e+00  -7.3927949250311831e-01
4.1081990108820214e+00   -3.0106720878872033e+00  -7.2041410082173529e-01
4.2895955471927794e+00   -3.1259179685377747e+00  -7.0154870914035228e-01
4.4812119980668088e+00   -3.2255392959612816e+00  -6.7326100074692907e-01
4.6918944234592921e+00   -3.2930497872663267e+00  -6.2612865892942549e-01
4.9055236307238257e+00   -3.3505590266025824e+00  -5.7899631711192190e-01
5.0899602131028798e+00   -3.4538926936202987e+00  -5.7094144403069502e-01
5.2379910795815894e+00   -3.5913277776542953e+00  -5.9259295172616433e-01
5.3719160372255326e+00   -3.7555133040388857e+00  -6.2869490615592039e-01
5.4998275978360427e+00   -3.9244257488625309e+00  -6.6479686058567644e-01
5.6798102210272559e+00   -4.0757789598315695e+00  -6.7049199519264135e-01
5.7712402359345676e+00   -4.2631749548166278e+00  -7.2641538584624854e-01
5.8520529600004974e+00   -4.4553884043757961e+00  -7.8233877649985573e-01
5.9219957233020333e+00   -4.6518183318922928e+00  -8.3826216715346291e-01
6.0082416660237250e+00   -4.8396919225410064e+00  -8.7555150067735787e-01
6.1526722060624399e+00   -4.9954788652526672e+00  -8.6912383862931808e-01
6.3146387613040309e+00   -5.1490484577973392e+00  -8.5527606902204523e-01
6.4776045413251762e+00   -5.2860872004871098e+00  -8.3656509509300181e-01
6.6431057737015973e+00   -5.4200528846669735e+00  -8.1785412116395839e-01
6.8388530204880063e+00   -5.5336538536907005e+00  -7.7914729004699179e-01
7.0289312998208056e+00   -5.6193624861464873e+00  -7.3585417030394451e-01
7.2225409107369023e+00   -5.6967642982213729e+00  -6.9256105056089723e-01
7.4193190285375170e+00   -5.7657142388044234e+00  -6.4926793081784995e-01
7.6381348363680788e+00   -5.8711200635526053e+00  -6.2167687800811244e-01
7.8445104625188655e+00   -6.0510956380688938e+00  -6.3631323900075631e-01
8.0482298904260094e+00   -6.2340724157888641e+00  -6.5094959999340019e-01
8.1742510884608279e+00   -6.4311401985487446e+00  -7.0260619109585598e-01
8.2502904379458588e+00   -6.6390390294737225e+00  -7.7277289725321774e-01
8.3115670702892093e+00   -6.8517573429747856e+00  -8.4293960341057950e-01
8.3577794219187282e+00   -7.0682482784130833e+00  -9.1310630956794125e-01
8.3993423684511672e+00   -7.2751879958999819e+00  -9.7176105550901204e-01
8.4690100551547207e+00   -7.5215115656886535e+00  -1.0192688228536637e+00
8.5181747527721221e+00   -7.7251654333323181e+00  -1.0573157487615812e+00
8.5595573356889041e+00   -7.9305420316320498e+00  -1.0953626746694987e+00
8.5930979070045801e+00   -8.1373440997403073e+00  -1.1334096005774161e+00
8.6874133151171797e+00   -8.3200728873045726e+00  -1.1278376022739591e+00
8.8590762764822291e+00   -8.5454646152783695e+00  -1.0949900558547219e+00
9.0373896875680835e+00   -8.7811603822430424e+00  -1.0665095048924900e+00
9.2223426226544838e+00   -9.0116827866662668e+00  -1.0380289539302581e+00
9.2983964711249634e+00   -9.2232730217816528e+00  -1.0661407729287724e+00
9.3082230763310054e+00   -9.4278429848204564e+00  -1.1225487769076599e+00
9.3065007874199779e+00   -9.6326415826390921e+00  -1.1789567808865473e+00
9.2932350830261736e+00   -9.8370173469422717e+00  -1.2353647848654348e+00
9.2684681616114926e+00   -1.0040320154476284e+01  -1.2917727888443222e+00
9.2322788072313209e+00   -1.0241903295083624e+01  -1.3481807928232097e+00
9.3887356536380047e+00   -1.0419425057253719e+01  -1.2774078596987530e+00
9.4752040853415291e+00   -1.0605694179649829e+01  -1.2596427948428961e+00
9.5107294860889180e+00   -1.0815148700327084e+01  -1.2766358564517428e+00
9.4805613661531023e+00   -1.1036560646415209e+01  -1.3332924354907101e+00
9.4379039193251018e+00   -1.1255909016733085e+01  -1.3899490145296773e+00
9.4365821079837726e+00   -1.1468183899515132e+01  -1.4133300802218478e+00
9.5159025409330678e+00   -1.1671614709077115e+01  -1.3867978758938231e+00
9.6005918909619901e+00   -1.1872869620455662e+01  -1.3602656715657984e+00
9.6905905438336593e+00   -1.2071806966983639e+01  -1.3337334672377736e+00
9.7233781432555784e+00   -1.2291193507513544e+01  -1.3452422540509668e+00
9.6851160479121372e+00   -1.2516891923188332e+01  -1.3988725498121808e+00
9.6208864648393391e+00   -1.2750738119585650e+01  -1.4617066125939988e+00
9.5417302873976588e+00   -1.2942811448865344e+01  -1.5246903916623171e+00
9.4391870706550911e+00   -1.3141093229283593e+01  -1.5952741447790537e+00
9.3229153323568958e+00   -1.3331649411599622e+01  -1.6658578978957903e+00
9.3610754665884333e+00   -1.3538252741691791e+01  -1.6302589086632193e+00
9.4482311604002422e+00   -1.3774018448858415e+01  -1.5693490652832698e+00
9.5495768043621201e+00   -1.4004041587019662e+01  -1.5084392219033202e+00
9.6647365214512639e+00   -1.4227469032065127e+01  -1.4475293785233707e+00
9.7596603873224392e+00   -1.4420628175391002e+01  -1.4062005334252461e+00
9.8163255083342769e+00   -1.4668118186373299e+01  -1.3977171693502575e+00
9.8669500337849527e+00   -1.4900052335330432e+01  -1.3921339590811730e+00
9.9188687005923661e+00   -1.5131700223441928e+01  -1.3865507488120885e+00
9.9720798903397405e+00   -1.5363054629743701e+01  -1.3809675385430040e+00
1.0026581944319570e+01   -1.5594108342420116e+01  -1.3753843282739195e+00
1.0082373163585331e+01   -1.5824854159028817e+01  -1.3698011180048351e+00
1.0111491069144872e+01   -1.6024895018236958e+01  -1.3775603752186789e+00
1.0059579178285018e+01   -1.6255137906732656e+01  -1.4349673621848464e+00
9.9945425115488540e+00   -1.6482023040876211e+01  -1.4923743491510140e+00
9.9165953424581339e+00   -1.6704802911928848e+01  -1.5497813361171815e+00
9.8677458000510807e+00   -1.6909549571288117e+01  -1.5813222389588690e+00
9.8810555194506549e+00   -1.7129541084626315e+01  -1.5726123709448301e+00
9.8056114434734205e+00   -1.7323003848329471e+01  -1.6212749836027418e+00
9.6895471634902677e+00   -1.7509254237977633e+01  -1.6887391687804134e+00
9.5611912104230719e+00   -1.7687256693141347e+01  -1.7562033539580850e+00
9.4211275641014485e+00   -1.7856201357783913e+01  -1.8236675391357566e+00
9.2756852148631666e+00   -1.8054556686697072e+01  -1.8791449175679640e+00
9.1741271028171294e+00   -1.8287740023724595e+01  -1.8937826362148249e+00
9.0691667204476083e+00   -1.8519411853955400e+01  -1.9084203548616858e+00
8.9608265564592298e+00   -1.8749522539619100e+01  -1.9230580735085467e+00
8.8491298237051836e+00   -1.8978022777434553e+01  -1.9376957921554077e+00
8.7341004542136673e+00   -1.9204863609173529e+01  -1.9523335108022686e+00
8.6370245156619578e+00   -1.9383625294129253e+01  -1.9658289033265264e+00
8.5102123112156036e+00   -1.9589705565867114e+01  -1.9870487759444619e+00
8.3722956386579312e+00   -1.9811359161603946e+01  -2.0076678445923135e+00
8.2298383155485766e+00   -2.0030122129596617e+01  -2.0282869132401653e+00
8.0601268486898530e+00   -2.0186420900987660e+01  -2.0781998311139565e+00
7.8828286500782525e+00   -2.0334057741548445e+01  -2.1281127489877476e+00
7.6983853309108365e+00   -2.0472664920064549e+01  -2.1780256668615388e+00
7.5010943770745229e+00   -2.0616334437982186e+01  -2.2251991646188891e+00
7.2847269686012330e+00   -2.0779731140591739e+01  -2.2668938221433579e+00
7.0617368084549232e+00   -2.0933967084363108e+01  -2.3085884796678267e+00
6.8325114964888725e+00   -2.1078774177515303e+01  -2.3502831371922954e+00
6.5974494704513127e+00   -2.1213900717426007e+01  -2.3919777947167642e+00
6.3516655654778438e+00   -2.1332986270265440e+01  -2.4390918089394646e+00
6.0897895494330996e+00   -2.1426415929882022e+01  -2.4970445365586285e+00
5.8229416947256833e+00   -2.1504520804976909e+01  -2.5549972641777923e+00
5.5520179640482112e+00   -2.1567038652279408e+01  -2.6129499917969561e+00
5.3174960122305759e+00   -2.1610655290374503e+01  -2.6608298343089891e+00
5.1082114591154202e+00   -2.1648640122368963e+01  -2.6978085973726844e+00
4.8976656685686404e+00   -2.1678861666295269e+01  -2.7347873604363797e+00
4.6820630208039464e+00   -2.1731878735654558e+01  -2.7554848964948424e+00
4.4240006340381681e+00   -2.1774478814278467e+01  -2.7898088340668772e+00
4.1462225277460361e+00   -2.1786355462734313e+01  -2.8390865858983143e+00
3.8681965993562288e+00   -2.1784534952703456e+01  -2.8883643377297514e+00
3.5850113987677261e+00   -2.1758399300275425e+01  -2.9456421284570840e+00
3.2938657414594514e+00   -2.1692173473615490e+01  -3.0189199969762073e+00
3.0083499545332102e+00   -2.1604809926857428e+01  -3.0921978654953306e+00
2.7299964707937887e+00   -2.1496777561446013e+01  -3.1654757340144539e+00
2.5167483321232083e+00   -2.1396854827063269e+01  -3.2234739841162936e+00
2.3256915406844865e+00   -2.1290495394074824e+01  -3.2783520106508384e+00
2.1262808928760704e+00   -2.1181977678164962e+01  -3.3257292410356207e+00
1.8985786658935495e+00   -2.1047379249029696e+01  -3.3783860673182646e+00
1.6718604013561251e+00   -2.0913030532076881e+01  -3.4231930661021019e+00
1.4513874348687914e+00   -2.0768661490139198e+01  -3.4680000648859393e+00
1.2376023287110478e+00   -2.0614561919708738e+01  -3.5128070636697766e+00
1.0309342204112344e+00   -2.0451041149671699e+01  -3.5576140624536139e+00
8.3157289657735278e-01   -2.0293838918169566e+01  -3.5937658533317842e+00
6.3518180693727977e-01   -2.0178283728230003e+01  -3.6039520204929536e+00
4.4203686624640742e-01   -2.0063093085129687e+01  -3.6134453399588846e+00
2.5602520425064829e-01   -1.9953371186306128e+01  -3.6208601163391005e+00
7.0832211479565074e-02   -1.9842273081424175e+01  -3.6282748927193165e+00
-1.1353193040483628e-01  -1.9729804878508418e+01  -3.6356896690995324e+00
-2.9705708530965830e-01  -1.9615972760909592e+01  -3.6431044454797483e+00
-4.5575015405461977e-01  -1.9495545517769010e+01  -3.6615000884762328e+00
-5.7165061067836409e-01  -1.9318382963267002e+01  -3.7211992001681855e+00
-6.8577411442057612e-01  -1.9122456936420914e+01  -3.7837906891162616e+00
-7.8741884462525347e-01  -1.8919776076634623e+01  -3.8463821780643377e+00
-8.8316994565643792e-01  -1.8736554499289770e+01  -3.8933342266050488e+00
-1.0026005421787403e+00  -1.8558183856313953e+01  -3.9215256921206452e+00
-1.1169558188107775e+00  -1.8376517611877375e+01  -3.9497171576362415e+00
-1.1914349626209702e+00  -1.8400906778274962e+01  4.4097346656336969e+00
-1.3813462807144234e+00  -1.8616887637143918e+01  4.3474350121895764e+00
-1.5843360019509376e+00  -1.8820625736698439e+01  4.2851353587454559e+00
-1.7996165279087200e+00  -1.9011330574815108e+01  4.2228357053013355e+00
-2.0263525719463868e+00  -1.9188262218315966e+01  4.1605360518572150e+00
-2.2356223627984995e+00  -1.9296061198442953e+01  4.0942496761267835e+00
-2.4515729404405371e+00  -1.9389761857436241e+01  4.0279633003963520e+00
-2.6471559242558014e+00  -1.9463360310263404e+01  3.9704177281750406e+00
-2.8430726281761780e+00  -1.9533529447406050e+01  3.9169991079042790e+00
-3.0424564256727327e+00  -1.9593137869447073e+01  3.8635804876335174e+00
-3.2447385005925344e+00  -1.9642015521278019e+01  3.8101618673627557e+00
-3.4493417683725092e+00  -1.9680022961288149e+01  3.7567432470919941e+00
-3.6745827173918775e+00  -1.9710397686942237e+01  3.6994398640226724e+00
-3.9011935803679547e+00  -1.9727822550067796e+01  3.6421364809533507e+00
-4.1284304438586323e+00  -1.9732240348685465e+01  3.5848330978840290e+00
-4.3555473394002915e+00  -1.9723636580137548e+01  3.5275297148147073e+00
-4.5708444730233095e+00  -1.9768864552599645e+01  3.5077396630382065e+00
-4.7572284501151518e+00  -1.9950387312769909e+01  3.5629762738473474e+00
-4.9333065588686837e+00  -2.0141923207562982e+01  3.6182128846564883e+00
-5.0985417069093293e+00  -2.0342887993603696e+01  3.6734494954656292e+00
-5.3378968352963128e+00  -2.0378074601494728e+01  3.6239818388450971e+00
-5.5786990557631801e+00  -2.0401382657575255e+01  3.5745141822245650e+00
-5.8367272220895989e+00  -2.0449227509250267e+01  3.5396521995672323e+00
-6.0962662345663023e+00  -2.0488049738091437e+01  3.5047902169098997e+00
-6.3570006923667188e+00  -2.0517802165977258e+01  3.4699282342525670e+00
-6.6186137419175815e+00  -2.0538448636723516e+01  3.4350662515952344e+00
-6.8470045679758957e+00  -2.0572274903260141e+01  3.4169884542398776e+00
-7.0500343117827375e+00  -2.0604754414961246e+01  3.4039490776259349e+00
-7.3157647977879030e+00  -2.0650852511580805e+01  3.3913154474544749e+00
-7.5106170489813229e+00  -2.0758264805559250e+01  3.4220465919923568e+00
-7.6930104490621796e+00  -2.0878887326938365e+01  3.4581922550237931e+00
-7.9487241531912458e+00  -2.0867483316026103e+01  3.4095744394654992e+00
-8.2035814829221980e+00  -2.0843665435627042e+01  3.3609566239072053e+00
-8.4247254973045589e+00  -2.0863667624685842e+01  3.3470828483259587e+00
-8.6169325806821764e+00  -2.0987216243761260e+01  3.3910608993954501e+00
-8.8872571941080256e+00  -2.1096531293783638e+01  3.4117664438582280e+00
-9.1552605969750029e+00  -2.1211419730264211e+01  3.4324719883210060e+00
-9.4208278950839368e+00  -2.1331832300041416e+01  3.4531775327837839e+00
-9.6838452386041389e+00  -2.1457717381734227e+01  3.4738830772465619e+00
-9.9441998708812989e+00  -2.1589021007872478e+01  3.4945886217093398e+00
-1.0136051047508246e+01  -2.1679256167583983e+01  3.5041029414587719e+00
-1.0353853264273015e+01  -2.1670533672894166e+01  3.4569197993088197e+00
-1.0622498915563719e+01  -2.1748944622477349e+01  3.4522712034765153e+00
-1.0856617664814669e+01  -2.1840672450599591e+01  3.4616030112843226e+00
-1.1042850897838466e+01  -2.1939949792574712e+01  3.4803832740680880e+00
-1.1254041494290158e+01  -2.1945492815085135e+01  3.4445954082938504e+00
-1.1465295192347876e+01  -2.1943475840838239e+01  3.4088075425196127e+00
-1.1666299950962301e+01  -2.1920028314243606e+01  3.3669206816259361e+00
-1.1885521809824084e+01  -2.1870726611624043e+01  3.3138222733593579e+00
-1.2101818087779721e+01  -2.1809859531633776e+01  3.2607238650927797e+00
-1.2314579093512801e+01  -2.1737598645094444e+01  3.2076254568262015e+00
-1.2523205100856554e+01  -2.1654147639445583e+01  3.1545270485596233e+00
-1.2713156428194960e+01  -2.1581383088734089e+01  3.1133504984217204e+00
-1.2915427794798594e+01  -2.1513632999451673e+01  3.0792200244109549e+00
-1.3122801709657034e+01  -2.1425222705147622e+01  3.0378117974459298e+00
-1.3312118052822266e+01  -2.1311288221702132e+01  2.9867238465739234e+00
-1.3507553449003169e+01  -2.1260526032656852e+01  2.9765637117453481e+00
-1.3708163487403572e+01  -2.1246268099756911e+01  2.9868674849384882e+00
-1.3908909784648085e+01  -2.1234077927477180e+01  2.9971712581316283e+00
-1.4109771028144166e+01  -2.1223956810009280e+01  3.0074750313247685e+00
-1.4310725893095805e+01  -2.1215905821879890e+01  3.0177788045179086e+00
-1.4556194840819193e+01  -2.1188097407165884e+01  3.0188075473648959e+00
-1.4778687109760753e+01  -2.1138963384325944e+01  3.0071266688013503e+00
-1.4983296107823680e+01  -2.1155184221694277e+01  3.0316661806366021e+00
-1.5181183608932358e+01  -2.1178500063093498e+01  3.0560451049650776e+00
-1.5399105095700822e+01  -2.1171915508591042e+01  3.0626757376208813e+00
-1.5617413824577703e+01  -2.1165672933929965e+01  3.0686369481553468e+00
-1.5855749648400105e+01  -2.1159863708313971e+01  3.0748662324160345e+00
-1.6094117035131564e+01  -2.1155539247402473e+01  3.0810955166767222e+00
-1.6332506735198113e+01  -2.1152699719001237e+01  3.0873248009374099e+00
-1.6548190226668009e+01  -2.1199613304783476e+01  3.1193515919695036e+00
-1.6748615264892578e+01  -2.1161407470703125e+01  3.1006948947906494e+00
