-2.3116692900657654e-03  3.5200729966163635e-02
2.2221347689628601e-01   -1.3456669449806213e-01
4.2658832669258118e-01   -2.7703976631164551e-01
6.1665874719619751e-01   -4.0890091657638550e-01
7.8561460971832275e-01   -5.4402309656143188e-01
9.7132211923599243e-01   -6.6602087020874023e-01
1.1396720409393311e+00   -7.9174840450286865e-01
1.3025426864624023e+00   -9.0971195697784424e-01
1.4497227668762207e+00   -1.0207093954086304e+00
1.6119103431701660e+00   -1.1201090812683105e+00
1.7594869136810303e+00   -1.2473771572113037e+00
1.9165539741516113e+00   -1.3599163293838501e+00
2.1059918403625488e+00   -1.5012547969818115e+00
2.3060321807861328e+00   -1.6576352119445801e+00
2.5217344760894775e+00   -1.8237484693527222e+00
2.7592151165008545e+00   -1.9972378015518188e+00
2.9985775947570801e+00   -2.2012078762054443e+00
3.2414917945861816e+00   -2.3978049755096436e+00
3.4921350479125977e+00   -2.5943045616149902e+00
3.7151589393615723e+00   -2.7836174964904785e+00
3.9168143272399902e+00   -2.9438242912292480e+00
4.0766582489013672e+00   -3.0816185474395752e+00
4.2245273590087891e+00   -3.2233488559722900e+00
4.3680686950683594e+00   -3.3551526069641113e+00
4.5126714706420898e+00   -3.4744751453399658e+00
4.6496171951293945e+00   -3.6031134128570557e+00
4.7860765457153320e+00   -3.7323062419891357e+00
4.9203238487243652e+00   -3.8580031394958496e+00
5.0402765274047852e+00   -3.9849488735198975e+00
5.1639375686645508e+00   -4.1199774742126465e+00
5.2913622856140137e+00   -4.2460298538208008e+00
5.4379243850708008e+00   -4.3840279579162598e+00
5.5598163604736328e+00   -4.5204944610595703e+00
5.6793627738952637e+00   -4.6540079116821289e+00
5.8003449440002441e+00   -4.7897930145263672e+00
5.9115648269653320e+00   -4.9305257797241211e+00
6.0318303108215332e+00   -5.0730109214782715e+00
6.1648268699645996e+00   -5.2173495292663574e+00
6.2868123054504395e+00   -5.3575110435485840e+00
6.4012584686279297e+00   -5.5137343406677246e+00
6.5239048004150391e+00   -5.6776485443115234e+00
6.6402101516723633e+00   -5.8302259445190430e+00
6.7568221092224121e+00   -5.9930238723754883e+00
6.8858575820922852e+00   -6.1523294448852539e+00
7.0459184646606445e+00   -6.3463664054870605e+00
7.2164497375488281e+00   -6.5863943099975586e+00
7.3786649703979492e+00   -6.8303513526916504e+00
7.5187630653381348e+00   -7.0287456512451172e+00
7.6423983573913574e+00   -7.2172374725341797e+00
7.7601046562194824e+00   -7.3948497772216797e+00
7.8673543930053711e+00   -7.5690655708312988e+00
7.9529967308044434e+00   -7.7417588233947754e+00
8.0487270355224609e+00   -7.9573154449462891e+00
8.1326522827148438e+00   -8.1238899230957031e+00
8.2211208343505859e+00   -8.2902469635009766e+00
8.3080110549926758e+00   -8.4671134948730469e+00
8.4008312225341797e+00   -8.6434726715087891e+00
8.5285205841064453e+00   -8.9069652557373047e+00
8.6503715515136719e+00   -9.2001991271972656e+00
8.7822952270507812e+00   -9.4666051864624023e+00
8.8670110702514648e+00   -9.6655912399291992e+00
8.9319696426391602e+00   -9.8429937362670898e+00
8.9786834716796875e+00   -1.0013472557067871e+01
9.0145969390869141e+00   -1.0183765411376953e+01
9.0408153533935547e+00   -1.0361113548278809e+01
9.0727148056030273e+00   -1.0528696060180664e+01
9.1198091506958008e+00   -1.0709785461425781e+01
9.1502208709716797e+00   -1.0880090713500977e+01
9.1813707351684570e+00   -1.1059490203857422e+01
9.2071685791015625e+00   -1.1253081321716309e+01
9.2305297851562500e+00   -1.1452442169189453e+01
9.2503528594970703e+00   -1.1641166687011719e+01
9.2811775207519531e+00   -1.1821836471557617e+01
9.3146171569824219e+00   -1.2004365921020508e+01
9.3339214324951172e+00   -1.2202900886535645e+01
9.3568172454833984e+00   -1.2408042907714844e+01
9.3729267120361328e+00   -1.2622115135192871e+01
9.3907909393310547e+00   -1.2847129821777344e+01
9.4129600524902344e+00   -1.3037158966064453e+01
9.4439935684204102e+00   -1.3233011245727539e+01
9.4616203308105469e+00   -1.3445501327514648e+01
9.4752883911132812e+00   -1.3652570724487305e+01
9.4965343475341797e+00   -1.3904729843139648e+01
9.5175933837890625e+00   -1.4155265808105469e+01
9.5461721420288086e+00   -1.4400636672973633e+01
9.5721054077148438e+00   -1.4606822967529297e+01
9.5909290313720703e+00   -1.4861139297485352e+01
9.5943212509155273e+00   -1.5105962753295898e+01
9.5983219146728516e+00   -1.5341632843017578e+01
9.5966234207153320e+00   -1.5572205543518066e+01
9.5950975418090820e+00   -1.5793584823608398e+01
9.5870265960693359e+00   -1.6013072967529297e+01
9.5706319808959961e+00   -1.6200119018554688e+01
9.5344467163085938e+00   -1.6425529479980469e+01
9.5003337860107422e+00   -1.6640243530273438e+01
9.4622840881347656e+00   -1.6848257064819336e+01
9.4225320816040039e+00   -1.7026567459106445e+01
9.3779029846191406e+00   -1.7209600448608398e+01
9.3274688720703125e+00   -1.7384536743164062e+01
9.2656574249267578e+00   -1.7571775436401367e+01
9.1991910934448242e+00   -1.7757436752319336e+01
9.1357135772705078e+00   -1.7931940078735352e+01
9.0640306472778320e+00   -1.8127805709838867e+01
8.9841270446777344e+00   -1.8325571060180664e+01
8.8969058990478516e+00   -1.8523071289062500e+01
8.7976741790771484e+00   -1.8719881057739258e+01
8.6954908370971680e+00   -1.8910566329956055e+01
8.5898885726928711e+00   -1.9086267471313477e+01
8.5003652572631836e+00   -1.9223327636718750e+01
8.3847742080688477e+00   -1.9381608963012695e+01
8.2538051605224609e+00   -1.9548107147216797e+01
8.1135377883911133e+00   -1.9710311889648438e+01
7.9837322235107422e+00   -1.9843702316284180e+01
7.8524427413940430e+00   -1.9966945648193359e+01
7.7139997482299805e+00   -2.0083999633789062e+01
7.5579681396484375e+00   -2.0202371597290039e+01
7.3739528656005859e+00   -2.0321367263793945e+01
7.1814413070678711e+00   -2.0430557250976562e+01
6.9798631668090820e+00   -2.0526512145996094e+01
6.7739028930664062e+00   -2.0609760284423828e+01
6.5552225112915039e+00   -2.0683111190795898e+01
6.3282413482666016e+00   -2.0751194000244141e+01
6.1027870178222656e+00   -2.0809900283813477e+01
5.8748683929443359e+00   -2.0865755081176758e+01
5.6822290420532227e+00   -2.0908220291137695e+01
5.5121240615844727e+00   -2.0944419860839844e+01
5.3369913101196289e+00   -2.0968866348266602e+01
5.1447277069091797e+00   -2.0988927841186523e+01
4.9118261337280273e+00   -2.0995073318481445e+01
4.6468591690063477e+00   -2.0989135742187500e+01
4.3622913360595703e+00   -2.0964487075805664e+01
4.0591440200805664e+00   -2.0912240982055664e+01
3.7338981628417969e+00   -2.0846961975097656e+01
3.4152231216430664e+00   -2.0783660888671875e+01
3.0957231521606445e+00   -2.0716464996337891e+01
2.8475074768066406e+00   -2.0669687271118164e+01
2.6248064041137695e+00   -2.0618282318115234e+01
2.3994989395141602e+00   -2.0558198928833008e+01
2.1246576309204102e+00   -2.0487802505493164e+01
1.8485374450683594e+00   -2.0418464660644531e+01
1.5579118728637695e+00   -2.0335893630981445e+01
1.2724485397338867e+00   -2.0258255004882812e+01
9.9785232543945312e-01   -2.0166406631469727e+01
7.4960613250732422e-01   -2.0090019226074219e+01
5.3014564514160156e-01   -2.0042385101318359e+01
3.1439113616943359e-01   -1.9999052047729492e+01
1.1552238464355469e-01   -1.9956539154052734e+01
-6.7295074462890625e-02  -1.9927865982055664e+01
-2.3479461669921875e-01  -1.9898128509521484e+01
-4.0135002136230469e-01  -1.9863924026489258e+01
-5.6482315063476562e-01  -1.9843219757080078e+01
-7.4480533599853516e-01  -1.9832572937011719e+01
-9.2422294616699219e-01  -1.9824613571166992e+01
-1.0884895324707031e+00  -1.9817790985107422e+01
-1.2305126190185547e+00  -1.9816184997558594e+01
-1.3718557357788086e+00  -1.9815053939819336e+01
-1.5158262252807617e+00  -1.9814214706420898e+01
-1.5762653350830078e+00  -1.9823272705078125e+01
-1.8026466369628906e+00  -1.9845901489257812e+01
-2.0305557250976562e+00  -1.9845331192016602e+01
-2.2668552398681641e+00  -1.9828023910522461e+01
-2.5149040222167969e+00  -1.9806804656982422e+01
-2.7184295654296875e+00  -1.9804813385009766e+01
-2.9201507568359375e+00  -1.9833698272705078e+01
-3.0834741592407227e+00  -1.9867511749267578e+01
-3.2290410995483398e+00  -1.9889308929443359e+01
-3.3755598068237305e+00  -1.9906932830810547e+01
-3.5302810668945312e+00  -1.9932685852050781e+01
-3.6825971603393555e+00  -1.9971429824829102e+01
-3.8519573211669922e+00  -2.0028139114379883e+01
-4.0394277572631836e+00  -2.0081563949584961e+01
-4.2201480865478516e+00  -2.0116943359375000e+01
-4.3852510452270508e+00  -2.0142732620239258e+01
-4.5653305053710938e+00  -2.0170782089233398e+01
-4.7905006408691406e+00  -2.0221513748168945e+01
-5.0248975753784180e+00  -2.0272310256958008e+01
-5.2643928527832031e+00  -2.0321672439575195e+01
-5.4762773513793945e+00  -2.0349479675292969e+01
-5.6807031631469727e+00  -2.0369092941284180e+01
-5.9220552444458008e+00  -2.0414134979248047e+01
-6.1737184524536133e+00  -2.0471721649169922e+01
-6.4151468276977539e+00  -2.0525262832641602e+01
-6.6461648941040039e+00  -2.0573480606079102e+01
-6.8375730514526367e+00  -2.0608556747436523e+01
-7.0046796798706055e+00  -2.0644098281860352e+01
-7.2488040924072266e+00  -2.0715677261352539e+01
-7.4442996978759766e+00  -2.0780952453613281e+01
-7.6298465728759766e+00  -2.0833845138549805e+01
-7.8467960357666016e+00  -2.0878913879394531e+01
-8.0646486282348633e+00  -2.0920606613159180e+01
-8.2578935623168945e+00  -2.0958005905151367e+01
-8.4775514602661133e+00  -2.1006990432739258e+01
-8.7712745666503906e+00  -2.1058046340942383e+01
-9.0546245574951172e+00  -2.1071586608886719e+01
-9.3421001434326172e+00  -2.1085315704345703e+01
-9.6347799301147461e+00  -2.1102338790893555e+01
-9.9372797012329102e+00  -2.1130592346191406e+01
-1.0154584884643555e+01  -2.1158784866333008e+01
-1.0359367370605469e+01  -2.1173139572143555e+01
-1.0617332458496094e+01  -2.1177207946777344e+01
-1.0853487968444824e+01  -2.1203767776489258e+01
-1.1050812721252441e+01  -2.1229269027709961e+01
-1.1247747421264648e+01  -2.1251319885253906e+01
-1.1451629638671875e+01  -2.1277534484863281e+01
-1.1638876914978027e+01  -2.1290233612060547e+01
-1.1835618019104004e+01  -2.1289098739624023e+01
-1.2044067382812500e+01  -2.1299802780151367e+01
-1.2265234947204590e+01  -2.1316913604736328e+01
-1.2487783432006836e+01  -2.1322078704833984e+01
-1.2690320968627930e+01  -2.1321136474609375e+01
-1.2897947311401367e+01  -2.1328802108764648e+01
-1.3107642173767090e+01  -2.1321947097778320e+01
-1.3309926986694336e+01  -2.1314489364624023e+01
-1.3507778167724609e+01  -2.1324470520019531e+01
-1.3707344055175781e+01  -2.1331661224365234e+01
-1.3897644996643066e+01  -2.1327816009521484e+01
-1.4088055610656738e+01  -2.1324499130249023e+01
-1.4285419464111328e+01  -2.1321733474731445e+01
-1.4526031494140625e+01  -2.1304103851318359e+01
-1.4747373580932617e+01  -2.1289163589477539e+01
-1.4959278106689453e+01  -2.1289287567138672e+01
-1.5163861274719238e+01  -2.1280803680419922e+01
-1.5382208824157715e+01  -2.1253627777099609e+01
-1.5608144760131836e+01  -2.1232801437377930e+01
-1.5857282638549805e+01  -2.1215942382812500e+01
-1.6094587326049805e+01  -2.1191936492919922e+01
-1.6336349487304688e+01  -2.1177930831909180e+01
-1.6558584213256836e+01  -2.1174888610839844e+01
-1.6748615264892578e+01  -2.1161407470703125e+01
