8.9048559830812968e-01   1.4344324191508706e+00   -1.3748858089075253e+00
8.4133664534688490e-01   1.2080678059169487e+00   -1.5908876315306373e+00
7.9247523125066111e-01   9.5944536560979687e-01   -1.6733767180771528e+00
7.7006290040390724e-01   7.1643901391648901e-01   -1.6675092543230590e+00
7.4907677813154838e-01   4.7330534243257960e-01   -1.6616417905689651e+00
7.2951758692349000e-01   2.3005272152879030e-01   -1.6557743268148712e+00
7.1138600014463660e-01   -1.3310474329081626e-02  -1.6499068630607774e+00
6.9468264201170893e-01   -2.5677586686847154e-01  -1.6440393993066835e+00
6.7940808757175430e-01   -5.0033507429848612e-01  -1.6381719355525897e+00
5.3232878523975014e-01   -6.9415371199036879e-01  -1.9716919746233275e+00
3.6871718433895889e-01   -8.4972902656460370e-01  -2.1803863458934569e+00
1.9147590463105552e-01   -9.7935345830927956e-01  -2.3474721612300500e+00
-3.4022336158479743e-02  -1.0871379430250487e+00  -2.5446617881929128e+00
-2.3758876145965652e-01  -1.1405656158280217e+00  -2.7151318671347622e+00
-4.4726828905017757e-01  -1.1586847063255348e+00  -2.8856019460766116e+00
-6.5698236350508921e-01  -1.1409699467572845e+00  -3.0560720250184610e+00
-8.6065142789474935e-01  -1.0879348834342186e+00  -3.2265421039603104e+00
-1.0556023209091119e+00  -9.9338608566094244e-01  -3.4144245490111778e+00
-1.2316131284273610e+00  -8.4507580158148266e-01  -3.6371317262800811e+00
-1.3705196091517557e+00  -6.6155268494567687e-01  -3.8598389035489844e+00
-1.4666993727604176e+00  -4.7653668446808145e-01  -4.0352135077366826e+00
-1.6409002588060799e+00  -3.4774997710843064e-01  -3.9126369853000336e+00
-1.8129856713934465e+00  -1.8086743760036825e-01  -3.9121072908412318e+00
-1.9851594565915909e+00  -1.4076074189166905e-02  -3.9115775963824300e+00
-2.1574215660926446e+00  1.5262406632748421e-01   -3.9110479019236282e+00
-2.3297719515639574e+00  3.1923293717749102e-01   -3.9105182074648264e+00
-2.5238305433931583e+00  4.9800689060002001e-01   -3.8926734666057214e+00
-2.7235447308371881e+00  6.5274876372243829e-01   -3.8403310565607107e+00
-2.9310812641202117e+00  7.9682996068001533e-01   -3.7879886465157000e+00
-3.1458716794180717e+00  9.2985582831498603e-01   -3.7356462364706893e+00
-3.3673276437807020e+00  1.0514619951490787e+00   -3.6833038264256786e+00
-3.5948425666363479e+00  1.1613153694343197e+00   -3.6309614163806678e+00
-3.8261785383570355e+00  1.2711436584918505e+00   -3.6106835524494847e+00
-4.0520708897635149e+00  1.4076114891747458e+00   -3.6545347807459567e+00
-4.2717637240659680e+00  1.5538506145530069e+00   -3.6983860090424288e+00
-4.4848346549649705e+00  1.7095798720516424e+00   -3.7422372373389008e+00
-4.6908740275789551e+00  1.8744998531578727e+00   -3.7860884656353728e+00
-4.8894857060557433e+00  2.0482934790705540e+00   -3.8299396939318449e+00
-5.0802878351920890e+00  2.2306266103228896e+00   -3.8737909222283169e+00
-5.2726332676503294e+00  2.4148224176943454e+00   -3.8925230707341916e+00
-5.4614947732898695e+00  2.6025887419602678e+00   -3.9112552192400662e+00
-5.6468060837949947e+00  2.7938596990856062e+00   -3.9299873677459409e+00
-5.8302736648109335e+00  3.0010788214716779e+00   -3.9695027894902633e+00
-6.0031450054441082e+00  3.2440905677397223e+00   -4.0505847577114800e+00
-6.1557661165783237e+00  3.5003053324835065e+00   -4.1316667259326962e+00
-6.2871341730304495e+00  3.7680396092964434e+00   -4.2127486941539125e+00
-6.3384100622265969e+00  4.0048251625272098e+00   -4.3880258306095925e+00
-6.3165084682729686e+00  4.2221862486502735e+00   -4.6104005511825044e+00
-6.2472079445522031e+00  4.4293648165339592e+00   -4.8327752717554162e+00
-6.1339213389795377e+00  4.6161579282274339e+00   -5.0551499923283281e+00
-5.9822276852316953e+00  4.7733665698185925e+00   -5.2775247129012399e+00
-5.8134711200221032e+00  4.9162899821990713e+00   -5.4243642774007048e+00
-5.6642302256377075e+00  5.0920577293217395e+00   -5.4201335297532758e+00
-5.5157342936637797e+00  5.2684553020726925e+00   -5.4159027821058467e+00
-5.4098196121812858e+00  5.5005503047242588e+00   8.8441585759268238e-01
-5.3947215278201561e+00  5.7453624094629943e+00   1.1714418070443582e+00
-5.4435534406462098e+00  5.9694516795378414e+00   1.4403976563953926e+00
-5.5454092025756836e+00  6.1659731864929199e+00   1.7003184556961064e+00
