-6.3215144656651534e-01  1.8903470213470539e+00   1.8238053894856157e-01
-7.7450336237038020e-01  1.9198401703683818e+00   3.8352130322351043e+00
-9.9709782554039927e-01  1.8760099255935230e+00   3.6166638520110159e+00
-1.2136627790902594e+00  1.8169928253788796e+00   3.5348505085698148e+00
-1.4259254907520929e+00  1.7363747888690713e+00   3.5214050835200572e+00
-1.6392529274430445e+00  1.6586179156834846e+00   3.5079596584702997e+00
-1.8536065245264022e+00  1.5837362624554940e+00   3.4945142334205421e+00
-2.0689475318595316e+00  1.5117433660456083e+00   3.4810688083707846e+00
-2.2852370207990012e+00  1.4426522410943210e+00   3.4676233833210270e+00
-2.5024358912379752e+00  1.3764753776693659e+00   3.4541779582712695e+00
-2.7062188396722728e+00  1.3518908019862828e+00   3.3734323078531339e+00
-2.9113207719770666e+00  1.3438230390415178e+00   3.2926866574349982e+00
-3.1607212358952648e+00  1.3480562423799509e+00   3.2144511000395588e+00
-3.4471120575930363e+00  1.3564117545304175e+00   3.1614221412940458e+00
-3.7326574215846122e+00  1.3799354115364937e+00   3.1083931825485327e+00
-4.0191852701000235e+00  1.4110349534879203e+00   3.0722129148252937e+00
-4.2617359925819933e+00  1.4289394324060709e+00   3.0701438434263846e+00
-4.4525512252543251e+00  1.4843914040361625e+00   2.9815391659834840e+00
-4.6560873407768470e+00  1.5850795084537648e+00   2.8492528712388059e+00
-4.8445643031119943e+00  1.7117344703073076e+00   2.7169665764941278e+00
-5.0146886358886089e+00  1.8621431006797660e+00   2.5846802817494496e+00
-5.1634875594989484e+00  2.0336771352781846e+00   2.4523939870047715e+00
-5.2883609379216496e+00  2.2233391611413178e+00   2.3201076922600934e+00
-5.3871267139114849e+00  2.4278149939097227e+00   2.1878213975154153e+00
-5.5040563152788557e+00  2.6022379380763252e+00   2.1765126945671773e+00
-5.6478934243578331e+00  2.7831265107329566e+00   2.2103403859178510e+00
-5.7791767277087178e+00  2.9568496532863922e+00   2.2051414126893132e+00
-5.8101498474305950e+00  3.1667691751321403e+00   1.9958722111079585e+00
-5.7968374742412525e+00  3.3785433957476840e+00   1.7866030095266050e+00
-5.7398204803466797e+00  3.5829317569732666e+00   1.5773338079452515e+00
