-6.3215142488479614e-01  1.8903470039367676e+00
-6.5340197086334229e-01  2.2175190448760986e+00
-7.5145667791366577e-01  2.5132739543914795e+00
-9.1985821723937988e-01  2.6117935180664062e+00
-1.1328721046447754e+00  2.5649843215942383e+00
-1.3792027235031128e+00  2.4270675182342529e+00
-1.6304302215576172e+00  2.2597317695617676e+00
-1.8901093006134033e+00  2.0839517116546631e+00
-2.1565036773681641e+00  1.8978534936904907e+00
-2.4144361019134521e+00  1.7256549596786499e+00
-2.6372392177581787e+00  1.6093866825103760e+00
-2.8460521697998047e+00  1.5079835653305054e+00
-3.0957536697387695e+00  1.4009971618652344e+00
-3.3665187358856201e+00  1.3410183191299438e+00
-3.6294167041778564e+00  1.3296487331390381e+00
-3.8791735172271729e+00  1.3498321771621704e+00
-4.0660567283630371e+00  1.4027614593505859e+00
-4.2129292488098145e+00  1.4687213897705078e+00
-4.3688583374023438e+00  1.5564621686935425e+00
-4.5344328880310059e+00  1.6689940690994263e+00
-4.6895017623901367e+00  1.8077667951583862e+00
-4.8384313583374023e+00  1.9667834043502808e+00
-4.9709744453430176e+00  2.1356782913208008e+00
-5.0892872810363770e+00  2.3246970176696777e+00
-5.1956562995910645e+00  2.5161619186401367e+00
-5.3131070137023926e+00  2.7359027862548828e+00
-5.4354929924011230e+00  2.9501631259918213e+00
-5.5426435470581055e+00  3.1627664566040039e+00
-5.6460642814636230e+00  3.3749048709869385e+00
-5.7398204803466797e+00  3.5829317569732666e+00
