1.5000000000000000e+01   -8.0000000000000000e+00
1.4513606659416398e+01   -9.2587555469697467e+00
1.4032988296652130e+01   -1.0515450015816898e+01
1.3563919889455645e+01   -1.1768022328282857e+01
1.3112176415766902e+01   -1.3014411405080589e+01
1.2683532853440491e+01   -1.4252556166853525e+01
1.2283764180290312e+01   -1.5480395534012693e+01
1.1918645373844980e+01   -1.6695868426866287e+01
1.1593951411405524e+01   -1.7896913765241496e+01
1.1315457267037045e+01   -1.9081470469371606e+01
1.1080777302653559e+01   -2.0251198132366799e+01
1.0887525876357588e+01   -2.1407756350732662e+01
1.0733317344411322e+01   -2.2552804724258007e+01
1.0615766062471319e+01   -2.3688002853757041e+01
1.0532486385951179e+01   -2.4815010340400057e+01
1.0481092670186825e+01   -2.5935486785590449e+01
1.0459199270460584e+01   -2.7051091790713627e+01
1.0464420542032315e+01   -2.8163484957288613e+01
1.0494370840143031e+01   -2.9274325886846121e+01
1.0546664520013556e+01   -3.0385274180810995e+01
1.0618915936854362e+01   -3.1497989440781748e+01
1.0708739445861861e+01   -3.2614131268414333e+01
1.0813749402212020e+01   -3.3735359265322408e+01
1.0931560160997826e+01   -3.4863333033212228e+01
1.1059786077226709e+01   -3.5999712173813002e+01
1.1196041505812003e+01   -3.7146156288810097e+01
1.1337940801317446e+01   -3.8304324980095814e+01
1.1483098317963293e+01   -3.9475877849601559e+01
1.1629128409577730e+01   -4.0662474499133367e+01
1.1773357786034447e+01   -4.1865901507017647e+01
1.1910204631431766e+01   -4.3087443744642044e+01
1.2034087125665859e+01   -4.4328386086143425e+01
1.2139423449688447e+01   -4.5590013406165681e+01
1.2220631796295493e+01   -4.6873610538489132e+01
1.2275209597377657e+01   -4.8172303386526892e+01
1.2300654285788372e+01   -4.9479217852063201e+01
1.2294463294997984e+01   -5.0787479836375951e+01
1.2254134058943528e+01   -5.2090215240875935e+01
1.2177164012044333e+01   -5.3380549967882807e+01
1.2061050588558937e+01   -5.4651609920420057e+01
1.1903291222486803e+01   -5.5896521001927148e+01
1.1701383347648161e+01   -5.7108409115866785e+01
1.1452824397193229e+01   -5.8280400166117104e+01
1.1155111803809600e+01   -5.9405620056529486e+01
1.0805743000093674e+01   -6.0477194691121809e+01
1.0402215418602342e+01   -6.1488249973896828e+01
9.9420264919526691e+00   -6.2431911809024406e+01
9.4226736528471697e+00   -6.3301306100755191e+01
8.8416543341079343e+00   -6.4089558753351369e+01
8.1964659687270647e+00   -6.4789795671018553e+01
7.4846059903981832e+00   -6.5395142759277988e+01
6.7035718336991934e+00   -6.5898725924449082e+01
5.8508609348669074e+00   -6.6293671073574842e+01
4.9307106079798420e+00   -6.6580935230193973e+01
3.9507315952973681e+00   -6.6767784500370936e+01
2.9185346370450045e+00   -6.6861484995338046e+01
1.8417304699175112e+00   -6.6869302828602585e+01
7.2792982949321505e-01   -6.6798504114038053e+01
-4.1525654916161248e-01  -6.6656354965631891e+01
-1.5802179312156470e+00  -6.6450121497464053e+01
-2.7593435821145906e+00  -6.6187069823636236e+01
-3.9450227674519618e+00  -6.5874466058282565e+01
-5.1296447528809104e+00  -6.5519576315583862e+01
-6.3055988040381008e+00  -6.5129666709787273e+01
-7.4652741869068038e+00  -6.4712003354960814e+01
-8.6010601675726601e+00  -6.4273852365087976e+01
-9.7053460120573440e+00  -6.3822479854129135e+01
-1.0770520988040984e+01  -6.3365151934559158e+01
-1.1798757918762727e+01  -6.2902199464492782e+01
-1.2792229627997342e+01  -6.2433953301477615e+01
-1.3753108940296899e+01  -6.1960744302590939e+01
-1.4683568680412503e+01  -6.1482903324749849e+01
-1.5585781673457157e+01  -6.1000761224457413e+01
-1.6461920744607934e+01  -6.0514648858007668e+01
-1.7314158719541922e+01  -6.0024897081414117e+01
-1.8144668424157786e+01  -5.9531836750564992e+01
-1.8955622684426110e+01  -5.9035798721309064e+01
-1.9749194326900547e+01  -5.8537113849241422e+01
-2.0527556178431499e+01  -5.8036112989848981e+01
-2.1292881066022570e+01  -5.7533126998588763e+01
-2.2047341816876088e+01  -5.7028486730807053e+01
-2.2793111258314582e+01  -5.6522523041788595e+01
-2.3532362217722643e+01  -5.6015566786794153e+01
-2.4267267522497349e+01  -5.5507948821093741e+01
-2.5000000000000000e+01  -5.5000000000000000e+01
