1.5000000000000000e+01   -8.0000000000000000e+00
1.3552472739760121e+01   -8.8995885820811740e+00
1.2675382869148544e+01   -1.0005903169665546e+01
1.2237145217781871e+01   -1.1280377179051900e+01
1.2022130993451304e+01   -1.2607901148849757e+01
1.1710117776707856e+01   -1.3885040424074747e+01
1.1262811329710097e+01   -1.5093057670567411e+01
1.0984039715790628e+01   -1.6349544161863083e+01
1.0802087433496435e+01   -1.7633745787908428e+01
1.0484374833574902e+01   -1.8843441943065454e+01
1.0340160265834101e+01   -2.0062586386532448e+01
1.0259742101027998e+01   -2.1252120159364559e+01
1.0232774346097418e+01   -2.2406652823966564e+01
1.0360073193046500e+01   -2.3553733377820151e+01
1.0456511355290550e+01   -2.4697011501975375e+01
1.0537709453328915e+01   -2.5841290704428950e+01
1.0501902451965787e+01   -2.6975609779872258e+01
1.0535331800491406e+01   -2.8083701756070962e+01
1.0609322897743052e+01   -2.9195946732640799e+01
1.0690838440168127e+01   -3.0315114507120200e+01
1.0679373226073265e+01   -3.1403222347123300e+01
1.0699149982389494e+01   -3.2508582648190334e+01
1.0811023234771605e+01   -3.3643621041292867e+01
1.0903245630148369e+01   -3.4773747967370554e+01
1.1031957026208948e+01   -3.5911320869796889e+01
1.1258946191547706e+01   -3.7046674944587075e+01
1.1478955988223307e+01   -3.8191985245064686e+01
1.1682299290877989e+01   -3.9351753084205441e+01
1.2028907930506589e+01   -4.0499997244265813e+01
1.2326967768167359e+01   -4.1702391661284004e+01
1.2608910602672763e+01   -4.2930621301633622e+01
1.2810591463453488e+01   -4.4183706301368645e+01
1.2940030713730348e+01   -4.5464950463660799e+01
1.2989819514925330e+01   -4.6766173881537227e+01
1.2961654684572100e+01   -4.8080964513617346e+01
1.2911650919556454e+01   -4.9400827730603240e+01
1.2746308359757238e+01   -5.0731348473460912e+01
1.2550143051883715e+01   -5.2043158089081501e+01
1.2346508228629492e+01   -5.3327578604815180e+01
1.2096085662316108e+01   -5.4581401847757704e+01
1.1865620461139986e+01   -5.5799425035588037e+01
1.1623419935840147e+01   -5.6988891312674646e+01
1.1355185253726280e+01   -5.8141163239084634e+01
1.1068163111010985e+01   -5.9247172790904486e+01
1.0721656015697693e+01   -6.0292619610250227e+01
1.0305049744631166e+01   -6.1265783028248634e+01
9.8359247406251544e+00   -6.2174474103030754e+01
9.2890548212126482e+00   -6.2986573549180484e+01
8.6966601944366086e+00   -6.3721177253107228e+01
8.0224215384711748e+00   -6.4352701459440183e+01
7.2968802676084188e+00   -6.4882555211975742e+01
6.5289771333627371e+00   -6.5336996970133896e+01
5.6897184664144538e+00   -6.5694957675595106e+01
4.8021408858042438e+00   -6.5980029811797976e+01
3.8586010534959154e+00   -6.6201022053013759e+01
2.8576519494763399e+00   -6.6364736071082675e+01
1.8087946121446841e+00   -6.6466212351612839e+01
7.1821522606914279e-01   -6.6499060869103971e+01
-4.0931670789116570e-01  -6.6463188232843805e+01
-1.5611251329826148e+00  -6.6336080169033877e+01
-2.7289039668649568e+00  -6.6137020995511236e+01
-3.9037526306187709e+00  -6.5865042325524996e+01
-5.0798926366776023e+00  -6.5540119890870727e+01
-6.2503045287542873e+00  -6.5172723197824382e+01
-7.4099405725574385e+00  -6.4780571584636107e+01
-8.5503056204535195e+00  -6.4369579808783044e+01
-9.6646427153959671e+00  -6.3948005805514633e+01
-1.0742018285327971e+01  -6.3512819342548660e+01
-1.1785074361252351e+01  -6.3066499429397567e+01
-1.2783946012885037e+01  -6.2594203011560623e+01
-1.3745497427159082e+01  -6.2111680429299923e+01
-1.4672567331917019e+01  -6.1618005119946382e+01
-1.5570704559351933e+01  -6.1124131871887833e+01
-1.6439677483270653e+01  -6.0628785553869484e+01
-1.7283355039122000e+01  -6.0125368577996149e+01
-1.8106828534631418e+01  -5.9616701843796193e+01
-1.8910162221855920e+01  -5.9100910358424542e+01
-1.9689393225215976e+01  -5.8573325339872525e+01
-2.0452151296000469e+01  -5.8045566763347516e+01
-2.1205238157926257e+01  -5.7519936252281390e+01
-2.1960345976803456e+01  -5.7006592275850998e+01
-2.2716560536192389e+01  -5.6502646561686056e+01
-2.3470571512995470e+01  -5.6002011736897913e+01
-2.4225871143026524e+01  -5.5500688021685782e+01
-2.5000000000000000e+01  -5.5000000000000000e+01
