1.5000000000000000e+01   -8.0000000000000000e+00
1.3483860998694142e+01   -8.8730252654975406e+00
1.2450034634971908e+01   -9.9218630047180358e+00
1.1807908090477794e+01   -1.1121790587569738e+01
1.1421054390515513e+01   -1.2395092897468837e+01
1.1057812412099091e+01   -1.3663381929751255e+01
1.0693120982992262e+01   -1.4906610065076727e+01
1.0500302604699014e+01   -1.6187745297260040e+01
1.0401047594705542e+01   -1.7481092093755596e+01
1.0209602547159802e+01   -1.8708242277042199e+01
1.0135293498904474e+01   -1.9933578987450264e+01
1.0112177213027509e+01   -2.1133481047845699e+01
1.0139177589639136e+01   -2.2302332417052806e+01
1.0274242862197806e+01   -2.3459674864178794e+01
1.0381290532002586e+01   -2.4605535538382846e+01
1.0464439102634259e+01   -2.5744703404128352e+01
1.0465769013617017e+01   -2.6873751163997014e+01
1.0530902400524212e+01   -2.7979062583516946e+01
1.0628820500921076e+01   -2.9090572754025992e+01
1.0716109706866964e+01   -3.0212206849496908e+01
1.0714252225068092e+01   -3.1307146573884165e+01
1.0741445706543013e+01   -3.2416739043148830e+01
1.0865420251535292e+01   -3.3551114155764303e+01
1.0992767991903740e+01   -3.4679511116632028e+01
1.1157587136711191e+01   -3.5814718668335097e+01
1.1393077593324973e+01   -3.6948553778357827e+01
1.1633831467861883e+01   -3.8094277258233021e+01
1.1885694977921656e+01   -3.9250812618278317e+01
1.2275418264819505e+01   -4.0391566143420476e+01
1.2610255904291970e+01   -4.1594284809706245e+01
1.2890051079137988e+01   -4.2823053752881791e+01
1.3106919650442318e+01   -4.4068620461143425e+01
1.3273669024162782e+01   -4.5340263507255159e+01
1.3345532316143363e+01   -4.6634615224844723e+01
1.3304580173520922e+01   -4.7943288513022253e+01
1.3221439981102780e+01   -4.9257540548748992e+01
1.3022123772159391e+01   -5.0589277703197240e+01
1.2793858051291245e+01   -5.1886877571503376e+01
1.2537140564471148e+01   -5.3158350527880366e+01
1.2205387378405357e+01   -5.4400869869150526e+01
1.1921401825580904e+01   -5.5605279832951318e+01
1.1645409042972105e+01   -5.6778177449301843e+01
1.1333612663852012e+01   -5.7917033085428628e+01
1.1019826128283935e+01   -5.9004783111949408e+01
1.0659008136574005e+01   -6.0030900860250227e+01
1.0229484883333559e+01   -6.0991564945820656e+01
9.7514064272172565e+00   -6.1887982708987785e+01
9.1990235550001849e+00   -6.2679645391374088e+01
8.5978494024673093e+00   -6.3395423564294973e+01
7.9041568037261491e+00   -6.4009690557035398e+01
7.1747266278150228e+00   -6.4512634481384922e+01
6.4170999303750662e+00   -6.4949516711192246e+01
5.5785958582296393e+00   -6.5297397555966199e+01
4.6953646483164508e+00   -6.5569368591247439e+01
3.7767290671067553e+00   -6.5799650573979335e+01
2.7907371526471163e+00   -6.5984994879218661e+01
1.7514355127565615e+00   -6.6121491987995896e+01
6.8056702508037326e-01   -6.6211500882989469e+01
-4.3785004739159294e-01  -6.6242619099085260e+01
-1.5867904161857398e+00  -6.6180951690029971e+01
-2.7469014701455965e+00  -6.6052145411862554e+01
-3.9236156400715907e+00  -6.5835138913659762e+01
-5.0947955860107932e+00  -6.5555701498689331e+01
-6.2585173335485988e+00  -6.5218867683298015e+01
-7.4179147203540694e+00  -6.4857465867930784e+01
-8.5504980242468545e+00  -6.4464434640478601e+01
-9.6650685309782425e+00  -6.4065999160312003e+01
-1.0736637416416228e+01  -6.3638460211689285e+01
-1.1780118354248566e+01  -6.3207681852035506e+01
-1.2777944063574735e+01  -6.2741381661462967e+01
-1.3737704239063989e+01  -6.2262882154306027e+01
-1.4661238873131008e+01  -6.1765023552563569e+01
-1.5555283168818486e+01  -6.1263188554474503e+01
-1.6418339497278222e+01  -6.0753583851751564e+01
-1.7256219666960135e+01  -6.0234675867119684e+01
-1.8070756518869089e+01  -5.9705169441757619e+01
-1.8865669977135461e+01  -5.9168039970393536e+01
-1.9634928408168857e+01  -5.8615077201444791e+01
-2.0393077609400738e+01  -5.8068161692088971e+01
-2.1139493996320422e+01  -5.7519200969383441e+01
-2.1896831744167958e+01  -5.6995289804690110e+01
-2.2656734638975593e+01  -5.6480461712900656e+01
-2.3426004404841173e+01  -5.5982716044454065e+01
-2.4201761779470615e+01  -5.5489251559283439e+01
-2.5000000000000000e+01  -5.5000000000000000e+01
