1.5000000000000000e+01   -8.0000000000000000e+00
1.3452258377615651e+01   -8.8578117163604251e+00
1.2342080013656906e+01   -9.8761797995903198e+00
1.1596747669106334e+01   -1.1035437941218877e+01
1.1115553525532908e+01   -1.2275429234260352e+01
1.0708533604459015e+01   -1.3528376831914999e+01
1.0358584430563063e+01   -1.4776190989587683e+01
1.0186354807877420e+01   -1.6060086393661255e+01
1.0117050416627844e+01   -1.7354053585101955e+01
9.9919906382471435e+00   -1.8591430882350732e+01
9.9649014624664858e+00   -1.9822775264114998e+01
9.9861101706767403e+00   -2.1029897354341365e+01
1.0052523641808936e+01   -2.2206970349830211e+01
1.0202114447090079e+01   -2.3369068770772117e+01
1.0325802899251121e+01   -2.4516124518103915e+01
1.0420027771219083e+01   -2.5653140656173029e+01
1.0447755774710156e+01   -2.6778993249453862e+01
1.0528247877866818e+01   -2.7884134080480447e+01
1.0635033122848338e+01   -2.8995544949651297e+01
1.0729595019328817e+01   -3.0116418728273459e+01
1.0747882029917717e+01   -3.1214936757905161e+01
1.0797058270629927e+01   -3.2324619587811306e+01
1.0938957929061766e+01   -3.3453912331576070e+01
1.1092975574019867e+01   -3.4578507946618600e+01
1.1283413570012163e+01   -3.5708586637848036e+01
1.1528545781998231e+01   -3.6839773632712685e+01
1.1784685884053461e+01   -3.7984091635064075e+01
1.2061262999755552e+01   -3.9136867849372678e+01
1.2457439912511232e+01   -4.0276179657367010e+01
1.2800176746939522e+01   -4.1473864592192207e+01
1.3076605928285785e+01   -4.2698155080777909e+01
1.3301823858625607e+01   -4.3937062281288078e+01
1.3484454591923249e+01   -4.5200731179603181e+01
1.3568379420215933e+01   -4.6489231151587276e+01
1.3526007435350298e+01   -4.7790697284537146e+01
1.3431133949398831e+01   -4.9099258745617888e+01
1.3228322136655622e+01   -5.0425799805553197e+01
1.2990906447163361e+01   -5.1713820969025349e+01
1.2703803816288374e+01   -5.2975760043261225e+01
1.2330963960211301e+01   -5.4210088752664930e+01
1.2010962513122866e+01   -5.5405362993351709e+01
1.1703154648679273e+01   -5.6566275307730798e+01
1.1353286935197151e+01   -5.7694589981638345e+01
1.1002510025302367e+01   -5.8765362697978460e+01
1.0618964782539582e+01   -5.9777144337117903e+01
1.0176699307943696e+01   -6.0730141834858742e+01
9.6893751581437702e+00   -6.1619148594913078e+01
9.1329535944060076e+00   -6.2401691766648746e+01
8.5229659414687742e+00   -6.3109625014642873e+01
7.8247470852126604e+00   -6.3721805367979002e+01
7.0997375473859456e+00   -6.4220971311524082e+01
6.3502067104272513e+00   -6.4651786265330429e+01
5.5136161857976935e+00   -6.4996272506375135e+01
4.6308738531809528e+00   -6.5261543979583621e+01
3.7225890953736620e+00   -6.5495622062931972e+01
2.7438313966504122e+00   -6.5695322504493319e+01
1.7096313183061831e+00   -6.5856028158955368e+01
6.5175211323802706e-01   -6.5980042695886198e+01
-4.6477859143608757e-01  -6.6054008068506647e+01
-1.6178230976508887e+00  -6.6043632602047794e+01
-2.7740203914255037e+00  -6.5969754626645269e+01
-3.9575043376957972e+00  -6.5801517125634859e+01
-5.1268740905731711e+00  -6.5563468222322143e+01
-6.2907746520453030e+00  -6.5261273288614177e+01
-7.4529899080371749e+00  -6.4927425985270872e+01
-8.5782137072302529e+00  -6.4551855580877771e+01
-9.6936651706114212e+00  -6.4168944488070792e+01
-1.0758143249088347e+01  -6.3751119189197830e+01
-1.1798858292984528e+01  -6.3328258233718856e+01
-1.2793609833151761e+01  -6.2867508904504959e+01
-1.3747691831761133e+01  -6.2390959661325070e+01
-1.4667468035347195e+01  -6.1890344463971040e+01
-1.5555052856471073e+01  -6.1383622361847550e+01
-1.6410481936166772e+01  -6.0860355320867775e+01
-1.7240115684034720e+01  -6.0326502306023492e+01
-1.8045481288461374e+01  -5.9780006172714650e+01
-1.8831575166649621e+01  -5.9223025493617413e+01
-1.9594166698955600e+01  -5.8654001418668912e+01
-2.0350296494822491e+01  -5.8094333853191266e+01
-2.1095231348691637e+01  -5.7533089805290423e+01
-2.1857499831173573e+01  -5.7004676344149338e+01
-2.2620880060957404e+01  -5.6481545563761252e+01
-2.3398144240198839e+01  -5.5979732474355188e+01
-2.4187009153051548e+01  -5.5487331812884513e+01
-2.5000000000000000e+01  -5.5000000000000000e+01
