1.5000000000000000e+01   -8.0000000000000000e+00
1.3434797316137990e+01   -8.8473997087901584e+00
1.2279964821243576e+01   -9.8460858316757385e+00
1.1472832235222667e+01   -1.0978682577277684e+01
1.0931400922383494e+01   -1.2195257380956443e+01
1.0491477806882111e+01   -1.3434228874053575e+01
1.0140569951879591e+01   -1.4679394678149599e+01
9.9703625955818875e+00   -1.5960224116153473e+01
9.9103391243609984e+00   -1.7250741539766185e+01
9.8214338545709960e+00   -1.8492489675418664e+01
9.8215539607117250e+00   -1.9725711424679421e+01
9.8709209759974801e+00   -2.0935679815507747e+01
9.9642709781965699e+00   -2.2116618053000987e+01
1.0126923664543082e+01   -2.3280258922940391e+01
1.0267534411797660e+01   -2.4427202017493563e+01
1.0376619615777798e+01   -2.5562398783385554e+01
1.0429099014255979e+01   -2.6685304523028691e+01
1.0525751009494854e+01   -2.7789810564588418e+01
1.0644191316913432e+01   -2.8900016823888357e+01
1.0750135897505507e+01   -3.0018199214380331e+01
1.0789883009102821e+01   -3.1117496157509958e+01
1.0860363857206389e+01   -3.2225271519574001e+01
1.1017646878408309e+01   -3.3349140240664205e+01
1.1191288458589035e+01   -3.4469984816201730e+01
1.1399812586243462e+01   -3.5595013563507216e+01
1.1652995783863856e+01   -3.6723160483069741e+01
1.1919219959909670e+01   -3.7865195865944813e+01
1.2209561218601873e+01   -3.9014113990806393e+01
1.2603085650159242e+01   -4.0152803764727850e+01
1.2946474380587441e+01   -4.1345128334639107e+01
1.3220463109358020e+01   -4.2564623510343338e+01
1.3450068001157955e+01   -4.3798082846321037e+01
1.3640467484646333e+01   -4.5055618188270174e+01
1.3731692332203238e+01   -4.6339731258398800e+01
1.3693087658910631e+01   -4.7635597177344152e+01
1.3595723116040066e+01   -4.8939647520489714e+01
1.3396402645364576e+01   -5.0260732848079442e+01
1.3155354768028992e+01   -5.1542965446869587e+01
1.2848983043282889e+01   -5.2799169362185175e+01
1.2451325575183654e+01   -5.4029108547129042e+01
1.2102788527343581e+01   -5.5218758493534814e+01
1.1765269394057768e+01   -5.6371565053061609e+01
1.1384146345959937e+01   -5.7489642986856850e+01
1.1001974179545837e+01   -5.8547103363414251e+01
1.0598389080349182e+01   -5.9547356987416975e+01
1.0144985464598054e+01   -6.0493450836781349e+01
9.6483653743989581e+00   -6.1374906880435539e+01
9.0869344575003375e+00   -6.2150249334245181e+01
8.4688241219916929e+00   -6.2851733836511769e+01
7.7695767875899797e+00   -6.3462202344449949e+01
7.0496279225232747e+00   -6.3961467470123935e+01
6.3053833023004202e+00   -6.4391462264018173e+01
5.4720589929952643e+00   -6.4737430514950574e+01
4.5904768051844318e+00   -6.5004061927734256e+01
3.6868921120362597e+00   -6.5244582557927089e+01
2.7121837144604708e+00   -6.5457065573188387e+01
1.6818256323091738e+00   -6.5635963995747360e+01
6.3155078782146212e-01   -6.5781887769586149e+01
-4.8580138806694695e-01  -6.5885506214563776e+01
-1.6444604134010108e+00  -6.5916571711850040e+01
-2.8008900460809603e+00  -6.5887643268002691e+01
-3.9913743194615443e+00  -6.5762358304528902e+01
-5.1624332679718528e+00  -6.5563522104921020e+01
-6.3319683757238918e+00  -6.5297974967843913e+01
-7.4989720304584395e+00  -6.4990677957469359e+01
-8.6197035467840859e+00  -6.4633433835577478e+01
-9.7366491794004837e+00  -6.4263266215823478e+01
-1.0795625510746062e+01  -6.3856008105213455e+01
-1.1833529838013215e+01  -6.3436373906784041e+01
-1.2823885416418973e+01  -6.2978183762598221e+01
-1.3771882019215356e+01  -6.2502063672860714e+01
-1.4688010656959744e+01  -6.1998347126629731e+01
-1.5566368917490971e+01  -6.1485136701294572e+01
-1.6414031750391015e+01  -6.0948225918707131e+01
-1.7235539239408865e+01  -6.0401336175957574e+01
-1.8031919324426340e+01  -5.9840431454239308e+01
-1.8806443941063684e+01  -5.9263948135371564e+01
-1.9559908571743076e+01  -5.8681710902769254e+01
-2.0317665574412334e+01  -5.8114345755046735e+01
-2.1065476471601183e+01  -5.7549234080955706e+01
-2.1832173102352773e+01  -5.7018706323855149e+01
-2.2597730093763801e+01  -5.6490328427378195e+01
-2.3380812878428209e+01  -5.5983909091023889e+01
-2.4178887185735874e+01  -5.5490292017962638e+01
-2.5000000000000000e+01  -5.5000000000000000e+01
