1.5000000000000000e+01   -8.0000000000000000e+00
1.3424253612105092e+01   -8.8393928976481906e+00
1.2240493075752548e+01   -9.8237900586464111e+00
1.1392675908928721e+01   -1.0937022626067662e+01
1.0809323934163279e+01   -1.2135719433778556e+01
1.0344306547955719e+01   -1.3362530104126551e+01
9.9877999094601577e+00   -1.4602655404184240e+01
9.8128096380470975e+00   -1.5878252630985731e+01
9.7528452946338255e+00   -1.7163422433902614e+01
9.6841358666330688e+00   -1.8405992368594934e+01
9.6994952115128115e+00   -1.9638428171009682e+01
9.7663572629237496e+00   -2.0848538242078639e+01
9.8779914667448487e+00   -2.2030718878787578e+01
1.0050847633811880e+01   -2.3194114475613731e+01
1.0206375277886528e+01   -2.4340020330138522e+01
1.0330859520658322e+01   -2.5473250381171503e+01
1.0406516751501538e+01   -2.6593191504992802e+01
1.0520370647222592e+01   -2.7696388390134683e+01
1.0653076700519389e+01   -2.8804523030400809e+01
1.0773010968077406e+01   -2.9919154176157065e+01
1.0834464452174187e+01   -3.1017597819192087e+01
1.0925181226190611e+01   -3.2122552331837490e+01
1.1096274643586989e+01   -3.3241184069628439e+01
1.1285511678490359e+01   -3.4358387993463083e+01
1.1507379158969234e+01   -3.5478875105255263e+01
1.1766562666772201e+01   -3.6604001738257729e+01
1.2039054263765566e+01   -3.7743506069497059e+01
1.2337222983223608e+01   -3.8888879148505978e+01
1.2725041879369142e+01   -4.0027013407138128e+01
1.3066496081446511e+01   -4.1214484490034614e+01
1.3338726353986926e+01   -4.2429577028257157e+01
1.3570977453596310e+01   -4.3658660668052605e+01
1.3765840013676179e+01   -4.4911363742240511e+01
1.3861954230244010e+01   -4.6191575092322140e+01
1.3828558645276903e+01   -4.7482632585364172e+01
1.3731811248898342e+01   -4.8782570446438811e+01
1.3537336457029157e+01   -5.0098376233012914e+01
1.3294946283093232e+01   -5.1376403366486286e+01
1.2976833516209982e+01   -5.2628583253023798e+01
1.2564615750979209e+01   -5.3854843162454969e+01
1.2194781896505663e+01   -5.5039716869465600e+01
1.1831825385826605e+01   -5.6185719678000574e+01
1.1423522992240226e+01   -5.7296550640665444e+01
1.1013130857745605e+01   -5.8344925838847601e+01
1.0589562168899750e+01   -5.9337398910939925e+01
1.0124337998415346e+01   -6.0278753952626076e+01
9.6187351902253742e+00   -6.1155553681430412e+01
9.0539522273138751e+00   -6.1929387422471500e+01
8.4322347379127134e+00   -6.2631362590173879e+01
7.7364656921615129e+00   -6.3246958051237058e+01
7.0225196108701375e+00   -6.3753669942810703e+01
6.2810358777932791e+00   -6.4187587676005478e+01
5.4496505075826667e+00   -6.4533369960446180e+01
4.5675533356409748e+00   -6.4797681560455203e+01
3.6644776661591845e+00   -6.5037999058018642e+01
2.6916729217282320e+00   -6.5255272856208407e+01
1.6643407289736025e+00   -6.5444513876728806e+01
6.1836004151408908e-01   -6.5605682134515348e+01
-5.0101678494805046e-01  -6.5733396114771296e+01
-1.6653068994926246e+00  -6.5800277804684512e+01
-2.8244410333246126e+00  -6.5809222628964605e+01
-4.0215112623250082e+00  -6.5721813317804049e+01
-5.1967347873657737e+00  -6.5559670691194214e+01
-6.3743065085821682e+00  -6.5329504394418620e+01
-7.5469506700611007e+00  -6.5047137861186400e+01
-8.6664688742376992e+00  -6.4708307759832849e+01
-9.7861184119596878e+00  -6.4350767741702384e+01
-1.0841941896015227e+01  -6.3954950861866287e+01
-1.1877452262329621e+01  -6.3536591249160750e+01
-1.2862956976324979e+01  -6.3078345315027420e+01
-1.3805221519642602e+01  -6.2600554864724728e+01
-1.4717289650566311e+01  -6.2091887318280122e+01
-1.5585392574336064e+01  -6.1570723249146134e+01
-1.6425398594568261e+01  -6.1019974175390480e+01
-1.7238927882673636e+01  -6.0461158258477106e+01
-1.8028644168405222e+01  -5.9889959099350392e+01
-1.8795727502770227e+01  -5.9300232105250714e+01
-1.9541938486599033e+01  -5.8709397021848844e+01
-2.0299271104197491e+01  -5.8133251394695172e+01
-2.1046480709729845e+01  -5.7563459563896380e+01
-2.1814879649136220e+01  -5.7029051306002366e+01
-2.2580709391401740e+01  -5.6497665520731466e+01
-2.3369031662760484e+01  -5.5988182982472864e+01
-2.4174363193197422e+01  -5.5493006651904288e+01
-2.5000000000000000e+01  -5.5000000000000000e+01
