1.5000000000000000e+01   -8.0000000000000000e+00
1.3417509108130178e+01   -8.8327523739760867e+00
1.2213626758957199e+01   -9.8058881314136688e+00
1.1337067159539073e+01   -1.0903991549874807e+01
1.0722648528660960e+01   -1.2088165656083854e+01
1.0237809021786896e+01   -1.3304268948044397e+01
9.8742842939969009e+00   -1.4538495370123762e+01
9.6918424883126004e+00   -1.5807994756780023e+01
9.6275818421039183e+00   -1.7087014986445300e+01
9.5700864319712036e+00   -1.8328347811834146e+01
9.5937202128479555e+00   -1.9558484871716164e+01
9.6714015801692330e+00   -2.0767186961866237e+01
9.7955779125532594e+00   -2.1949055568259777e+01
9.9761539540023101e+00   -2.3111199884778159e+01
1.0144309914956230e+01   -2.4255491645522433e+01
1.0283388951047726e+01   -2.5386557094275751e+01
1.0380325636122205e+01   -2.6503544807948430e+01
1.0511348411352230e+01   -2.7605003383230081e+01
1.0659484438251322e+01   -2.8710571924329336e+01
1.0794501616466269e+01   -2.9821331629198141e+01
1.0877203962710380e+01   -3.0917994762284433e+01
1.0987198443469092e+01   -3.2019677099140956e+01
1.1171270034657832e+01   -3.3133279993052206e+01
1.1373906901511866e+01   -3.4246833609231516e+01
1.1606568347300600e+01   -3.5363154594772475e+01
1.1870574545143439e+01   -3.6485289551444374e+01
1.2147159118587725e+01   -3.7622095938042591e+01
1.2449878563267401e+01   -3.8764195291541867e+01
1.2831122709466340e+01   -3.9901644812014837e+01
1.3169369645212990e+01   -4.1084776676771675e+01
1.3439886403425403e+01   -4.2295862590772416e+01
1.3673486117727474e+01   -4.3521262901939323e+01
1.3871089657001985e+01   -4.4769884011634431e+01
1.3970892805034964e+01   -4.6046570819861202e+01
1.3943172297506212e+01   -4.7333647437887976e+01
1.3848433696865872e+01   -4.8629996860928557e+01
1.3659334230676466e+01   -4.9940957505138158e+01
1.3417287379494446e+01   -5.1215888534943318e+01
1.3091625565141104e+01   -5.2465126574633295e+01
1.2669835264157081e+01   -5.3688606523432142e+01
1.2282797519896338e+01   -5.4869974046818506e+01
1.1898248325127142e+01   -5.6010450789527063e+01
1.1467678768740928e+01   -5.7114844450556191e+01
1.1033728494445281e+01   -5.8156330067058050e+01
1.0592360428158020e+01   -5.9142865086019270e+01
1.0116350618387575e+01   -6.0080071167591896e+01
9.6024022062547321e+00   -6.0952720267352653e+01
9.0341590745047320e+00   -6.1725161167054630e+01
8.4092415309348691e+00   -6.2427177104334035e+01
7.7169353958358293e+00   -6.3047086988004637e+01
7.0083238110425619e+00   -6.3562370027496982e+01
6.2698313966684012e+00   -6.4003523049311752e+01
5.4407914692297004e+00   -6.4354931773800672e+01
4.5593699755411823e+00   -6.4620995511947513e+01
3.6558845837312060e+00   -6.4861976289998012e+01
2.6840940719357516e+00   -6.5084114542457186e+01
1.6589605753175967e+00   -6.5284483511738571e+01
6.1485087765758273e-01   -6.5461781740075651e+01
-5.0636069898003289e-01  -6.5610746445124079e+01
-1.6767744755195411e+00  -6.5704787825894229e+01
-2.8408126411050691e+00  -6.5741969516171636e+01
-4.0446868595158652e+00  -6.5684610959558199e+01
-5.2255805744141135e+00  -6.5553132300080932e+01
-6.4127300467901760e+00  -6.5355074787027263e+01
-7.5927060564136397e+00  -6.5097584848338499e+01
-8.7143774187781045e+00  -6.4778255479406823e+01
-9.8368522166624466e+00  -6.4431844363711662e+01
-1.0891758742862761e+01  -6.4047077231342598e+01
-1.1926926263260407e+01  -6.3631008821182235e+01
-1.2907561754614774e+01  -6.3171508328485672e+01
-1.3842055521183740e+01  -6.2687592428048703e+01
-1.4748083317405911e+01  -6.2169482552197358e+01
-1.5605901578928959e+01  -6.1637249662110001e+01
-1.6436647659967431e+01  -6.1070221844610451e+01
-1.7239300054075613e+01  -6.0498362524071588e+01
-1.8022067868737864e+01  -5.9918358089981496e+01
-1.8786198389000695e+01  -5.9320073776240704e+01
-1.9527864399456089e+01  -5.8723739806730435e+01
-2.0281542537074078e+01  -5.8137598242229352e+01
-2.1025385433850939e+01  -5.7564455676719867e+01
-2.1798780196163808e+01  -5.7030203344576584e+01
-2.2569383078382941e+01  -5.6501939889017599e+01
-2.3360749239741075e+01  -5.5990273436574427e+01
-2.4168530282659702e+01  -5.5492244189288321e+01
-2.5000000000000000e+01  -5.5000000000000000e+01
