1.5000000000000000e+01   -8.0000000000000000e+00
1.3412946610991201e+01   -8.8269852073615542e+00
1.2194212691688827e+01   -9.7907506378032867e+00
1.1296162876015513e+01   -1.0876483022834325e+01
1.0657527116383738e+01   -1.2048360213989051e+01
1.0156398375348298e+01   -1.3254933945145227e+01
9.7854836252804702e+00   -1.4483132400486845e+01
9.5946172991036160e+00   -1.5746317097849602e+01
9.5240674091968138e+00   -1.7019026538600318e+01
9.4726130490213745e+00   -1.8258078405992318e+01
9.5003645571777895e+00   -1.9485229213566445e+01
9.5846803982997262e+00   -2.0691863857007839e+01
9.7176739265760865e+00   -2.1872700349372447e+01
9.9041865906447661e+00   -2.3033146529561179e+01
1.0083065129170555e+01   -2.4175655396170932e+01
1.0235518851503201e+01   -2.5304503909766474e+01
1.0351746877882459e+01   -2.6418675900019963e+01
1.0499196633607937e+01   -2.7518375661443581e+01
1.0662624559949702e+01   -2.8621415058255728e+01
1.0812345354664549e+01   -2.9728634962480612e+01
1.0914339727666855e+01   -3.0823512936455881e+01
1.1041192756351515e+01   -3.1922280010136440e+01
1.1235967045566108e+01   -3.3031705810541830e+01
1.1449343802813011e+01   -3.4142184303887888e+01
1.1690854962553095e+01   -3.5255141203277724e+01
1.1959794413326575e+01   -3.6373795248694741e+01
1.2240957308943026e+01   -3.7507223244027088e+01
1.2548269976956060e+01   -3.8645666448615842e+01
1.2924556328011873e+01   -3.9781714067843694e+01
1.3260365195368630e+01   -4.0960345305082832e+01
1.3529745769842334e+01   -4.2167327320081498e+01
1.3763909344083981e+01   -4.3389129656471184e+01
1.3963040788822664e+01   -4.4634127757438264e+01
1.4065398353512137e+01   -4.5907475751883297e+01
1.4043034276990770e+01   -4.7191009708243200e+01
1.3950908863186672e+01   -4.8484218681759856e+01
1.3767134952798658e+01   -4.9790902335078954e+01
1.3526344269505280e+01   -5.1063536678711628e+01
1.3195949011891745e+01   -5.2310447514650996e+01
1.2767850423525596e+01   -5.3531624578394300e+01
1.2366438236866305e+01   -5.4710040241352807e+01
1.1962383355039137e+01   -5.5846193263129358e+01
1.1512110633956230e+01   -5.6945091375910195e+01
1.1057881101170974e+01   -5.7981178718944037e+01
1.0601582339588379e+01   -5.8963267231405013e+01
1.0116701451326723e+01   -5.9896971659306374e+01
9.5953828652627582e+00   -6.0765668255862785e+01
9.0242935521200884e+00   -6.1537288757234073e+01
8.3975753522315610e+00   -6.2241095933298269e+01
7.7089256044616228e+00   -6.2866006885084104e+01
7.0049857125165609e+00   -6.3388990606262851e+01
6.2687983289651541e+00   -6.3835774359660263e+01
5.4427375608816169e+00   -6.4192156018872083e+01
4.5628971400004108e+00   -6.4464739551483035e+01
3.6591834624009447e+00   -6.4713503027211146e+01
2.6876337533703829e+00   -6.4945169916602694e+01
1.6626607124559634e+00   -6.5155226786427292e+01
6.1775267018382785e-01   -6.5342006444818082e+01
-5.0615375165337273e-01  -6.5504425110285212e+01
-1.6813254093574317e+00  -6.5622100447964542e+01
-2.8507369336694612e+00  -6.5685868193997564e+01
-4.0615606960331991e+00  -6.5657068845300387e+01
-5.2487770332306418e+00  -6.5551450495423950e+01
-6.4444058623724514e+00  -6.5378766918069743e+01
-7.6309653242206466e+00  -6.5140566472941771e+01
-8.7526941454626748e+00  -6.4830932157110681e+01
-9.8727110862150589e+00  -6.4481149802707023e+01
-1.0924950185352385e+01  -6.4097120814258858e+01
-1.1963571198868317e+01  -6.3689633565597518e+01
-1.2943348383337918e+01  -6.3237057225275223e+01
-1.3870858631306421e+01  -6.2749194543679806e+01
-1.4771671021110745e+01  -6.2222275101330659e+01
-1.5623665193583500e+01  -6.1683061792084366e+01
-1.6448204762170800e+01  -6.1103669110235451e+01
-1.7238641541960135e+01  -6.0517593843499078e+01
-1.8015748584298777e+01  -5.9931501629410207e+01
-1.8785158883995813e+01  -5.9335000209803937e+01
-1.9529923620723789e+01  -5.8742779914457486e+01
-2.0278017041544903e+01  -5.8147099222606549e+01
-2.1012674147306139e+01  -5.7566682506248675e+01
-2.1788990967724477e+01  -5.7030399801485764e+01
-2.2563928538130256e+01  -5.6504875775400656e+01
-2.3354541535197008e+01  -5.5989107092885462e+01
-2.4160554227514439e+01  -5.5487526839282218e+01
-2.5000000000000000e+01  -5.5000000000000000e+01
