1.5000000000000000e+01   -8.0000000000000000e+00
1.3409701614920339e+01   -8.8219445617621890e+00
1.2179418580436996e+01   -9.7776773126461212e+00
1.1264417680626719e+01   -1.0852948426867986e+01
1.0606071380223460e+01   -1.2014162198060783e+01
1.0091191132382599e+01   -1.3212200454678156e+01
9.7129726675625747e+00   -1.4434454777214903e+01
9.5135819235085233e+00   -1.5691411742872948e+01
9.4358975960406859e+00   -1.6957979319860332e+01
9.3874423031717651e+00   -1.8194200376407434e+01
9.4169677647659853e+00   -1.9417987336249016e+01
9.5054140885615670e+00   -2.0622083328462459e+01
9.6446553757032838e+00   -2.1801309482139171e+01
9.8356009564131988e+00   -2.2959643988972800e+01
1.0023273981461662e+01   -2.4100035758204776e+01
1.0187447765096493e+01   -2.5226514212310114e+01
1.0320670804235913e+01   -2.6337926626719792e+01
1.0483018562109066e+01   -2.7435558703016152e+01
1.0660882912229365e+01   -2.8535692850232657e+01
1.0824848322975859e+01   -2.9639077433984824e+01
1.0945230043437958e+01   -3.0731506610734140e+01
1.1088752390202567e+01   -3.1826890763195827e+01
1.1294940135823603e+01   -3.2931861235613546e+01
1.1519348847154099e+01   -3.4038806246408029e+01
1.1769400681938242e+01   -3.5148163263672011e+01
1.2042793761967017e+01   -3.6263885475821816e+01
1.2327152062589876e+01   -3.7394442911461780e+01
1.2637308945042303e+01   -3.8529974309943967e+01
1.3008467806531312e+01   -3.9665027008441228e+01
1.3341418452357155e+01   -4.0840093649504219e+01
1.3609853220327564e+01   -4.2043660079938675e+01
1.3844562177068905e+01   -4.3262661474861076e+01
1.4045119364910615e+01   -4.4504585883506380e+01
1.4149612444813101e+01   -4.5775013488775997e+01
1.4132177672414659e+01   -4.7055597968893835e+01
1.4042927109837368e+01   -4.8346119249768279e+01
1.3864147591844374e+01   -4.9649098355205297e+01
1.3624777764073151e+01   -5.0920087849060749e+01
1.3290824645608328e+01   -5.2165201724169428e+01
1.2858274990986610e+01   -5.3384350084223158e+01
1.2444998499784777e+01   -5.4560311704746972e+01
1.2024567814568954e+01   -5.5692841479376916e+01
1.1557500822650230e+01   -5.6787196287714394e+01
1.1084649934569793e+01   -5.7818848091502630e+01
1.0613417557064270e+01   -5.8797086859166853e+01
1.0119116273905153e+01   -5.9727978186253395e+01
9.5920044739968890e+00   -6.0594570023593498e+01
9.0195990902975787e+00   -6.1367050739198184e+01
8.3925146794715513e+00   -6.2072710189203420e+01
7.7077047821273332e+00   -6.2701746497663450e+01
7.0090078339460042e+00   -6.3235134567215610e+01
6.2763103023461966e+00   -6.3694458422618027e+01
5.4546052032842658e+00   -6.4062988938946546e+01
4.5760868134241779e+00   -6.4344857444702029e+01
3.6709674198823290e+00   -6.4596224451313930e+01
2.6987872129193331e+00   -6.4831500997993075e+01
1.6741380636446230e+00   -6.5051040251545700e+01
6.2863325966899630e-01   -6.5246823072320524e+01
-4.9804310922020623e-01  -6.5414523662989069e+01
-1.6796070074485572e+00  -6.5549058055233829e+01
-2.8571741160959139e+00  -6.5639808585538091e+01
-4.0730460342442587e+00  -6.5634869214563082e+01
-5.2625490440338645e+00  -6.5541466479005493e+01
-6.4658332553320461e+00  -6.5388986015207195e+01
-7.6575919111347091e+00  -6.5164099340373411e+01
-8.7709691679693886e+00  -6.4840970532965173e+01
-9.8812896251097122e+00  -6.4471591125033683e+01
-1.0936451736026823e+01  -6.4099205546314522e+01
-1.1983617194580598e+01  -6.3709673124008162e+01
-1.2959762071997586e+01  -6.3254652516412918e+01
-1.3881527624302636e+01  -6.2762551706155392e+01
-1.4787911617881985e+01  -6.2247585617688081e+01
-1.5643817523982060e+01  -6.1719823075958878e+01
-1.6460364109704980e+01  -6.1126291218694924e+01
-1.7234201472761526e+01  -6.0517995340386285e+01
-1.8009414041070627e+01  -5.9932516815720021e+01
-1.8788160097069543e+01  -5.9346669368739484e+01
-1.9534063759349888e+01  -5.8756667796690152e+01
-2.0274231431345928e+01  -5.8147502150005231e+01
-2.1003454262433703e+01  -5.7565472770378314e+01
-2.1791094058010732e+01  -5.7040437700503098e+01
-2.2572776013182136e+01  -5.6520675297800558e+01
-2.3355918164072740e+01  -5.5993696650533167e+01
-2.4152933177633457e+01  -5.5482423251177970e+01
-2.5000000000000000e+01  -5.5000000000000000e+01
